  0.65914485   0.39484897 
  0.80872429   0.53082842 
  0.33472447   0.94886654 
  0.90069429   0.57607537 
  0.63875421   0.38295193 
  0.82419502   0.52185462 
  0.35531974   0.94610779 
  0.88636849   0.53783693 
  0.67123420   0.39810783 
  0.76402178   0.51097921 
  0.34421291   0.89875701 
  0.90729602   0.55482309 
  0.65724652   0.35602114 
  0.81552122   0.56676298 
  0.36524778   0.95485208 
  0.88800994   0.54898823 
  0.62214481   0.42149397 
  0.78452403   0.54196602 
  0.35855060   0.98046183 
  0.86947644   0.57951899 
  0.63427016   0.38280125 
  0.82667646   0.51386181 
  0.36299024   0.97421162 
  0.87771806   0.60206773 
  0.63080873   0.43434547 
  0.81124392   0.53825861 
  0.33244506   0.89997414 
  0.86959445   0.56192301 
