 -3.80049103  -1.24894717 
  3.74789835   0.15334020 
 -2.05470146   1.26930693 
 -1.06025927  -0.43737294 
 -0.96937961   0.73060711 
 -4.58179591  -1.76768127 
  3.14063499   0.08124319 
  0.09329040  -1.82949616 
 -2.20788053   1.14637981 
  3.59471928   0.03041308 
 -3.97377785  -0.84227339 
 -1.85813412  -0.35873241 
 -1.87509654   1.14803515 
 -1.05711395   0.53979373 
 -0.70736754  -0.96531850 
  2.00525411  -1.38774724 
 -2.87502523   0.57426018 
  0.06411504   1.06108324 
  3.14063499   0.08124319 
 -2.05470146   1.26930693 
  3.14063499   0.08124319 
  3.14063499   0.08124319 
 -1.59675072   1.18811099 
  0.06411504   1.06108324 
 -0.88697245  -0.84404671 
 -1.38989794   0.53813838 
 -4.91143457  -0.79216995 
  1.05538445   0.04616804 
  3.74789835   0.15334020 
  3.14063499   0.08124319 
  0.84538635  -0.28102601 
 -4.91143457  -0.79216995 
 -3.17907578  -0.22914925 
 -1.41000569   1.06773928 
  4.05186587   0.27533865 
 -3.14236449   0.50471858 
  1.19827808  -0.80897157 
  3.14063499   0.08124319 
 -4.76854094  -1.64730956 
 -0.93266832   1.46447494 
 -0.78977469   0.60933532 
  2.01553955  -0.40968050 
 -1.59675072   1.18811099 
  0.37715016  -1.17789681 
  3.14063499   0.08124319 
  0.84538635  -0.28102601 
  0.76675319  -0.97197454 
 -0.30223491   1.30272673 
 -2.20788053   1.14637981 
 -3.97377785  -0.84227339 
 -4.15023744   0.25616505 
  1.19827808  -0.80897157 
 -2.02235333  -2.31303714 
 -1.41000569   1.06773928 
 -1.41000569   1.06773928 
 -2.05470146   1.26930693 
 -2.21816597   0.16831307 
 -2.20788053   1.14637981 
  3.74789835   0.15334020 
  4.22515269  -0.13133513 
  1.67561545  -0.41223592 
  1.65236238  -0.85980168 
 -4.32352426   0.66283883 
 -4.15023744   0.25616505 
 -2.97936310  -0.88002193 
  0.37715016  -1.17789681 
  0.06411504   1.06108324 
  0.74032734  -0.72777563 
  0.23740186   0.65440947 
  1.47590278   0.23863676 
  3.74789835   0.15334020 
 -3.80049103  -1.24894717 
  1.65236238  -0.85980168 
 -0.42974284   0.08228984 
  1.05538445   0.04616804 
  3.74789835   0.15334020 
 -2.52213349   0.04631462 
  1.37473768  -1.90741002 
  3.74789835   0.15334020 
  3.14063499   0.08124319 
  1.77987030   0.36063521 
 -1.41000569   1.06773928 
  2.31950707  -0.28768205 
  0.02740375   0.32721541 
  3.74789835   0.15334020 
  3.74789835   0.15334020 
 -2.02827561   1.02510803 
  2.93063688  -0.24595087 
 -3.33225484  -0.35207637 
  3.59471928   0.03041308 
  3.74789835   0.15334020 
  3.59471928   0.03041308 
 -0.25645602  -0.32438394 
  1.55830994  -1.33601705 
  3.14063499   0.08124319 
  0.41386145  -0.44402898 
 -3.54225295  -0.67927043 
  3.14063499   0.08124319 
 -3.32910952   0.62509029 
 -1.41000569   1.06773928 
