  1.53411643   0.12953265 
 -1.89450251   1.52589923 
  0.05254087   0.13229845 
 -2.07707772   1.63704721 
 -1.24925045  -0.24072398 
 -0.26668263   1.63392491 
  3.63208841   0.19962788 
  1.97270739   0.32179699 
 -2.53971381  -0.87576765 
  3.63208841   0.19962788 
 -4.47955392  -0.81154928 
 -0.75619558   0.70420935 
  4.54560123   0.36221708 
  0.87316487  -0.41609033 
 -3.69769432   0.19963913 
 -1.38050546  -1.95813688 
 -0.43697207  -0.79741711 
 -3.20463945   1.14457245 
  0.87316487  -0.41609033 
 -1.72660582   1.12658888 
  3.63208841   0.19962788 
 -2.91666435  -1.34822212 
  2.76208300  -1.21775992 
 -0.93002694  -1.74235043 
  0.17942433  -0.72455607 
  0.50301939   0.34808490 
 -3.20463945   1.14457245 
  3.63208841   0.19962788 
 -0.75619558   0.70420935 
  4.25325458   0.28074423 
  2.47410789   1.27503466 
  0.87316487  -0.41609033 
 -1.72660582   1.12658888 
 -5.45729548  -1.19318353 
  1.04106156  -0.81540068 
  3.81466362   0.08847989 
 -3.69769432   0.19963913 
  0.05254087   0.13229845 
  1.04106156  -0.81540068 
 -3.37847082  -1.30198733 
  2.46973634  -1.29923277 
 -2.22800632   0.17335121 
 -0.26668263   1.63392491 
 -1.90878281  -1.32827525 
  2.79333140  -0.22659180 
 -1.72660582   1.12658888 
 -0.88784881   1.55280856 
  2.79333140  -0.22659180 
 -0.29793103   0.64275679 
 -0.75619558   0.70420935 
 -2.22800632   0.17335121 
  1.31529776  -0.20860823 
  3.63208841   0.19962788 
  0.37176437  -1.36932800 
  3.63208841   0.19962788 
 -3.69769432   0.19963913 
 -1.72660582   1.12658888 
 -0.43697207  -0.79741711 
 -2.67636210   0.51471082 
 -1.91854764  -0.79465130 
 -3.72894272  -0.79152899 
 -4.47955392  -0.81154928 
 -0.60486876  -0.39810676 
 -3.69769432   0.19963913 
  1.66099990  -0.72732188 
  0.82224289  -1.15354155 
 -0.93002694  -1.74235043 
 -1.10666748   1.21466768 
  0.69058966  -0.30494235 
  1.94145899  -0.66937114 
  4.71349792  -0.03709327 
  4.25325458   0.28074423 
 -1.57527900   0.02427277 
 -1.56847395   1.26090248 
 -1.28049885  -1.23189210 
  1.66099990  -0.72732188 
  4.09512271   0.14643063 
 -1.94542449   0.78844801 
  0.34488752   0.21377130 
  0.69058966  -0.30494235 
 -3.36277132   1.01025885 
 -1.10666748   1.21466768 
 -4.83002582  -0.30109095 
 -3.86559101   0.59894947 
  0.51278421  -0.18553904 
 -2.40566783   1.10628550 
 -0.64602592  -1.66918192 
  0.55394137   1.08553612 
  4.25325458   0.28074423 
  2.79333140  -0.22659180 
 -2.88541595  -0.35705400 
  3.63208841   0.19962788 
  4.09512271   0.14643063 
  3.81466362   0.08847989 
  4.09512271   0.14643063 
  3.81466362   0.08847989 
  4.09512271   0.14643063 
 -2.88541595  -0.35705400 
  1.03129674  -0.28177673 
 -2.50846541   0.11540047 
