  0.90539495   1.11746049 
  1.89423816   0.13723181 
 -2.82799294  -1.08625900 
  1.53323188   0.67549210 
  1.23816403  -1.09694402 
 -2.37512949  -0.14990000 
  3.92216100   0.13087147 
 -4.07984652  -0.14362100 
 -0.98684310   1.23500722 
 -0.34869488   0.79507448 
  1.23816403  -1.09694402 
 -2.82799294  -1.08625900 
 -1.51325959   0.93727172 
 -2.95935433  -2.01517493 
 -1.16256461   0.39697578 
  2.50623976  -0.35794905 
 -4.41485185   0.80575951 
  3.44180838  -0.26527291 
  1.69102748  -0.16058503 
 -0.52218013   1.22206704 
  1.22636451  -0.14764485 
  1.89423816   0.13723181 
  4.51698472   0.17794086 
 -1.31004891   1.23508855 
 -0.52218013   1.22206704 
 -1.79061707  -0.10486626 
 -0.34869488   0.79507448 
  1.23816403  -1.09694402 
  1.23816403  -1.09694402 
  4.51698472   0.17794086 
  0.16128394  -1.53263341 
 -2.37512949  -0.14990000 
 -2.91334550   0.50166366 
 -3.19048745   0.40333611 
 -3.90636126  -0.57061356 
  2.75759629   0.27306871 
  1.69102748  -0.16058503 
  0.45082775   0.18862589 
 -4.61806253   0.50794267 
  1.44137471  -0.79912718 
  1.08036843  -0.26086689 
  4.79583042   0.26874402 
 -2.37512949  -0.14990000 
 -0.34869488   0.79507448 
  0.36717894   1.76902416 
  4.79583042   0.26874402 
 -2.73762400   1.33969511 
  4.96931568  -0.15824854 
  1.23816403  -1.09694402 
 -3.90636126  -0.57061356 
 -1.51325959   0.93727172 
  0.01379963  -0.69452063 
  1.26788946  -0.37213462 
 -4.10957194  -0.86843040 
 -1.66342822  -1.22845623 
  2.04023424   0.25045385 
  3.92216100   0.13087147 
  0.01379963  -0.69452063 
  0.90539495   1.11746049 
  3.92216100   0.13087147 
  2.30154086   0.29556893 
  4.10968203   0.01960375 
 -2.98578854  -0.25018187 
 -3.72915153  -0.68391694 
 -1.31004891   1.23508855 
 -4.07984652  -0.14362100 
  1.23816403  -1.09694402 
  0.81332225  -1.30096922 
  2.04172247  -0.70088097 
 -4.07984652  -0.14362100 
 -0.43906382  -1.63087962 
  2.66403536  -1.19402618 
  0.45082775   0.18862589 
 -3.19048745   0.40333611 
 -0.88691089   1.44663814 
 -3.00147820  -0.65926643 
 -0.34720665  -0.15626034 
  0.71787393   1.22872822 
 -2.02592273   0.26113888 
 -3.00147820  -0.65926643 
  4.51698472   0.17794086 
  4.51698472   0.17794086 
  1.50201823   0.90201752 
 -3.53969421  -0.00770277 
  1.05064301  -0.98567629 
 -4.61806253   0.50794267 
  2.04172247  -0.70088097 
  4.51698472   0.17794086 
  3.92216100   0.13087147 
  2.47875059   0.18226555 
 -2.19940799   0.68813144 
 -1.25612553  -1.07011912 
 -0.52218013   1.22206704 
  1.08036843  -0.26086689 
  3.92216100   0.13087147 
 -1.31004891   1.23508855 
 -1.66342822  -1.22845623 
 -0.52218013   1.22206704 
 -3.36397270   0.83032868 
 -3.00147820  -0.65926643 
