  0.50462347  -0.28060995 
 -0.64932424   0.79868160 
  4.30239202   0.24057713 
 -2.19395902   0.14640226 
 -1.87882354   1.19733651 
 -1.24848172   1.25080404 
 -1.72611845   1.31014328 
 -1.69239000   1.07207289 
  2.88638266  -1.24162167 
 -3.03589424  -2.46163593 
 -3.00362971  -0.21893791 
  0.84025537  -0.81345432 
  0.84116483  -0.29479319 
 -2.21803869  -0.79632397 
 -1.43491526   1.37606766 
  4.00873894   0.13064271 
  3.40867200   0.06410402 
  0.16639429   0.25050803 
 -3.44753800  -0.39766906 
 -4.58199295  -0.63314686 
  4.30239202   0.24057713 
 -2.03061917   1.60319087 
  1.33937450   0.06820627 
 -4.15253025   0.90609008 
  0.31909938   0.36331480 
 -0.59870031  -0.75588453 
 -3.79640193  -1.21053292 
 -1.06464545   1.12381402 
 -0.64932424   0.79868160 
  3.85603385   0.01783594 
  0.31909938   0.36331480 
  0.00396390  -0.68761945 
  3.40867200   0.06410402 
  3.40867200   0.06410402 
  3.59250827  -0.06288600 
 -0.46289070   0.67341798 
 -0.91284981   0.71795967 
 -3.00362971  -0.21893791 
 -2.38039256   0.27166588 
 -4.58199295  -0.63314686 
  4.00873894   0.13064271 
 -0.64932424   0.79868160 
 -0.64932424   0.79868160 
 -1.06464545   1.12381402 
  2.57132370  -0.28643860 
 -1.06464545   1.12381402 
  4.00873894   0.13064271 
  4.00873894   0.13064271 
 -4.73378858  -0.22729250 
 -2.53218820   0.67752024 
 -3.98391565  -2.82237735 
  4.00873894   0.13064271 
  0.84025537  -0.81345432 
 -2.01561913  -2.75674446 
 -1.06555491   0.60515290 
  4.00873894   0.13064271 
  4.00873894   0.13064271 
 -0.59870031  -0.75588453 
 -2.64391814   0.19094394 
 -2.03061917   1.60319087 
 -3.65341112   1.78775067 
 -1.87882354   1.19733651 
  0.18689071  -1.33327059 
 -1.06464545   1.12381402 
  0.16639429   0.25050803 
 -4.39555941  -0.75841048 
  4.00873894   0.13064271 
 -1.06464545   1.12381402 
  3.20166552  -0.23297106 
  1.91795904  -0.80625487 
  0.37431023   1.06624424 
  0.18689071  -1.33327059 
 -2.66540054  -0.75005588 
 -0.91284981   0.71795967 
  1.13236802  -0.22886881 
 -1.89939648   0.77499781 
 -2.06624306  -1.20217832 
 -3.96869398   0.77910006 
  1.13236802  -0.22886881 
 -1.53968490   1.18487966 
  1.65352401  -1.40563793 
  1.02668891  -0.93871794 
  0.84116483  -0.29479319 
 -1.27256139   0.30807781 
  4.00782948  -0.38801842 
 -2.08583002   0.90026143 
  0.63324889  -1.11052940 
  0.18689071  -1.33327059 
  1.44651752  -1.70271301 
 -4.32214483  -2.29125937 
  3.85603385   0.01783594 
  2.41952806   0.11941576 
  3.85603385   0.01783594 
  3.85603385   0.01783594 
 -2.48156427  -0.87704590 
  0.68845974  -0.40759996 
  0.65732856  -0.16780318 
  3.40867200   0.06410402 
 -0.59411339   1.50161104 
  3.82490267   0.25763272 
