  5.15543402   0.08952325 
 -2.62671946  -1.54795368 
 -0.46162747   0.98302587 
 -0.29690216   0.57917665 
  5.15543402   0.08952325 
 -2.38544740   0.39649790 
 -0.17103483  -1.88648809 
 -4.30926733  -0.19003008 
  0.53204689   0.61303390 
 -2.95643055   1.06864037 
 -0.46162747   0.98302587 
 -4.15841026  -1.10864872 
 -2.43843410  -0.37119144 
  4.68785811  -0.12497337 
 -1.59077090   0.71035625 
  0.55076104   1.66072434 
 -3.53330498  -0.92386216 
 -2.95643055   1.06864037 
  5.15543402   0.08952325 
 -2.75258678   0.91771107 
  1.41718273  -1.34801108 
 -1.01978775   0.03821377 
  0.36967162   0.10982295 
 -1.16921513   0.92326706 
 -4.78238011  -1.20419558 
  2.19305502  -0.03935887 
  1.47016943  -0.58032175 
  2.14006832  -0.80704820 
  0.00110254   0.66460148 
  0.57208569  -0.00754100 
  2.34391209  -0.95797751 
  2.66063094   0.17513776 
  1.26775535  -0.46295779 
  0.89918628   0.09182073 
 -1.02463366  -0.49470724 
 -0.31561630  -0.46851379 
 -0.24391546   1.34686599 
  0.89918628   0.09182073 
 -1.37305890   1.07419637 
 -5.04497579   0.88596162 
  1.06875749   0.22089253 
 -4.36225403  -0.95771941 
  4.48544403  -0.00760942 
  5.15543402   0.08952325 
  0.55076104   1.66072434 
 -2.83056323  -1.39702437 
 -3.51459084   0.12382828 
  5.15543402   0.08952325 
  0.42009216  -1.54450548 
  4.98586281  -0.03954855 
  1.06875749   0.22089253 
 -4.06424933  -0.87229459 
 -2.95643055   1.06864037 
  4.48544403  -0.00760942 
  1.41718273  -1.34801108 
 -4.42910897  -2.24017817 
  2.34391209  -0.95797751 
 -0.29690216   0.57917665 
 -1.22102101  -2.52681270 
 -1.37305890   1.07419637 
 -2.60800531  -0.50026324 
  3.34100266  -0.76148311 
  1.41718273  -1.34801108 
  2.36262624   0.08971293 
  0.57208569  -0.00754100 
  1.12174419   0.98858187 
 -2.45714824  -1.41888188 
 -1.71887362  -0.07285580 
  1.41718273  -1.34801108 
  1.43732657  -0.33388599 
  1.97534301  -0.40319899 
 -1.53778420   1.47804559 
  2.71105147  -1.47919068 
 -2.25958008  -2.06916685 
  2.19305502  -0.03935887 
  0.71548635   1.25687513 
  1.06391158  -0.31202848 
 -0.46162747   0.98302587 
 -3.68416205  -0.00524352 
 -0.51946007  -0.31758448 
  1.47016943  -0.58032175 
  5.64725991  -0.21496423 
 -2.60800531  -0.50026324 
  2.66063094   0.17513776 
  0.90403218   0.62474175 
  0.05408924   1.43229081 
 -0.16362276   1.06845069 
 -0.86788531   1.25131913 
 -2.40416154  -0.65119255 
 -0.66404154   1.10038982 
 -2.58301556   1.04678286 
 -2.60315941   0.03265778 
 -0.86788531   1.25131913 
 -0.66404154   1.10038982 
  0.57208569  -0.00754100 
  4.68785811  -0.12497337 
 -1.53778420   1.47804559 
 -0.85506244  -0.36563544 
 -1.37305890   1.07419637 
 -1.37305890   1.07419637 
