 -3.44521063  -1.34143677 
  4.35436061   0.13330813 
 -1.61968407   1.21154769 
 -0.60067887  -0.50650993 
 -0.49713536   0.68373649 
 -4.24666239  -1.86967132 
  3.72709718   0.04943897 
  0.55850177  -1.87789330 
 -1.77862399   1.08747844 
  4.19542069   0.00923888 
 -3.61321516  -0.94153523 
 -1.43651215  -0.42659627 
 -1.43284053   1.08006903 
 -0.58794264   0.47618458 
 -0.24583080  -1.03789012 
  2.54157027  -1.43698182 
 -2.46136486   0.51124790 
  0.56312173   1.01221503 
  3.72709718   0.04943897 
 -1.61968407   1.21154769 
  3.72709718   0.04943897 
  3.72709718   0.04943897 
 -1.13346340   1.12383812 
  0.56312173   1.01221503 
 -0.43267434  -0.90641147 
 -0.93372611   0.48359398 
 -4.57970963  -0.87956740 
  1.57602415   0.00842903 
  4.35436061   0.13330813 
  3.72709718   0.04943897 
  1.36355063  -0.33402134 
 -4.57970963  -0.87956740 
 -2.78348467  -0.30717727 
 -0.94279071   1.00756477 
  4.66568804   0.24301904 
 -2.73901568   0.43517464 
  1.71839870  -0.86540153 
  3.72709718   0.04943897 
 -4.43733508  -1.75339797 
 -0.45266638   1.42608840 
 -0.31029182   0.55225784 
  2.55813565  -0.43908201 
 -1.13346340   1.12383812 
  0.86076459  -1.24421159 
  3.72709718   0.04943897 
  1.36355063  -0.33402134 
  1.26008165  -1.03323987 
  0.18560550   1.25996703 
 -1.77862399   1.08747844 
 -3.61321516  -0.94153523 
 -3.78732248   0.17263793 
  1.71839870  -0.86540153 
 -1.61820124  -2.39283226 
 -0.94279071   1.00756477 
 -0.94279071   1.00756477 
 -1.61968407   1.21154769 
 -1.79518936   0.08957863 
 -1.77862399   1.08747844 
  4.35436061   0.13330813 
  4.83369257  -0.15688249 
  2.20852303  -0.44687790 
  2.18672221  -0.90560163 
 -3.95532701   0.57253947 
 -3.78732248   0.17263793 
 -2.58757652  -0.96262671 
  0.86076459  -1.24421159 
  0.56312173   1.01221503 
  1.23217803  -0.77769197 
  0.73112626   0.61231349 
  2.01261489   0.20857154 
  4.35436061   0.13330813 
 -3.44521063  -1.34143677 
  2.18672221  -0.90560163 
  0.04838539   0.03608295 
  1.57602415   0.00842903 
  4.35436061   0.13330813 
 -2.10651679  -0.02013229 
  1.89250602  -1.97957470 
  4.35436061   0.13330813 
  3.72709718   0.04943897 
  2.32394232   0.31828246 
 -0.94279071   1.00756477 
  2.86946307  -0.32937109 
  0.51865274   0.26986311 
  4.35436061   0.13330813 
  4.35436061   0.13330813 
 -1.59178045   0.95599979 
  3.51462367  -0.29301140 
 -2.94242459  -0.43124652 
  4.19542069   0.00923888 
  4.35436061   0.13330813 
  4.19542069   0.00923888 
  0.21638992  -0.36381859 
  2.07707592  -1.38157642 
  3.72709718   0.04943897 
  0.90523358  -0.50185968 
 -3.15489811  -0.77369689 
  3.72709718   0.04943897 
 -2.92968837   0.55144799 
 -0.94279071   1.00756477 
  4.35436061   0.13330813 
 -2.95898996  -1.42914633 
 -0.94279071   1.00756477 
 -0.77478618   0.60766323 
  4.35436061   0.13330813 
 -2.73901568   0.43517464 
 -0.63608325  -1.77283263 
 -4.53524065  -0.13721549 
  0.00103560   0.66196876 
 -3.28453644   1.08282818 
 -0.94279071   1.00756477 
 -4.39286609  -1.01104606 
 -2.78348467  -0.30717727 
  3.91776987  -0.06683438 
 -1.99109751   0.74502807 
  0.01760097   1.65986857 
 -3.80388785  -0.82526188 
 -3.28453644   1.08282818 
  4.35436061   0.13330813 
 -3.09769290   0.95134953 
  0.86076459  -1.24421159 
 -1.44557675   0.09737452 
 -0.14228729   0.15235630 
 -1.59178045   0.95599979 
 -4.98285584  -1.10574442 
  1.57602415   0.00842903 
  0.90523358  -0.50185968 
  1.53155516  -0.73392288 
 -0.49713536   0.68373649 
  0.04838539   0.03608295 
  1.71839870  -0.86540153 
  2.01261489   0.20857154 
  0.71456089  -0.38558633 
  0.35971282   0.14579387 
 -1.43651215  -0.42659627 
 -0.79135155  -0.39023658 
 -0.73031720   1.35001514 
  0.35971282   0.14579387 
 -1.77862399   1.08747844 
 -5.24876593   0.91033959 
  0.51865274   0.26986311 
 -4.57970963  -0.87956740 
  3.72709718   0.04943897 
  4.35436061   0.13330813 
  0.01760097   1.65986857 
 -3.14583350  -1.29766768 
 -3.78732248   0.17263793 
  4.35436061   0.13330813 
 -0.07782627  -1.43779166 
  4.19542069   0.00923888 
  0.51865274   0.26986311 
 -4.30205881  -0.80349414 
 -3.28453644   1.08282818 
  3.72709718   0.04943897 
  0.86076459  -1.24421159 
 -4.64980860  -2.09584834 
  1.71839870  -0.86540153 
 -0.77478618   0.60766323 
 -1.61820124  -2.39283226 
 -1.77862399   1.08747844 
 -2.94242459  -0.43124652 
  2.65698956  -0.67182146 
  0.86076459  -1.24421159 
  1.73496407   0.13249828 
  0.04838539   0.03608295 
  0.56312173   1.01221503 
 -2.80005004  -1.30507708 
 -2.10651679  -0.02013229 
  0.86076459  -1.24421159 
  0.87350081  -0.26151708 
  1.36355063  -0.33402134 
 -1.94662852   1.48737998 
  2.07707592  -1.38157642 
 -2.60031274  -1.94532122 
  1.57602415   0.00842903 
  0.18560550   1.25996703 
  0.52771735  -0.25410767 
 -0.94279071   1.00756477 
 -3.94626240   0.04856869 
 -0.97819509  -0.25875793 
  0.90523358  -0.50185968 
  4.83369257  -0.15688249 
 -2.94242459  -0.43124652 
  2.01261489   0.20857154 
  0.35064822   0.66976465 
 -0.45266638   1.42608840 
 -0.66513989   1.08363803 
 -1.32030694   1.25531678 
 -2.75558105  -0.56272517 
 -1.13346340   1.12383812 
 -2.93875297   1.07541878 
 -2.95148920   0.09272427 
 -1.32030694   1.25531678 
 -1.13346340   1.12383812 
  0.04838539   0.03608295 
  3.91776987  -0.06683438 
 -1.94662852   1.48737998 
 -1.27757222  -0.30252702 
 -1.77862399   1.08747844 
 -1.77862399   1.08747844 
