 -2.05689709   1.20158702 
 -0.41908783   0.10159543 
  4.00310803  -0.01076986 
  0.86224835  -0.23196798 
  1.20243566  -0.72749184 
 -3.23569319  -0.82507461 
 -2.43627211   0.69684570 
  0.34394845  -1.14028449 
 -0.12072250   0.19549278 
  0.09652537   1.05297005 
  3.21098614   0.24427936 
 -1.39372521   0.98951536 
  4.30147336   0.08312749 
 -2.37669606   1.41697612 
  3.39504584   0.12415638 
 -2.24512282  -1.50304649 
 -2.03650875   0.92145226 
 -4.67915653  -0.13877524 
  0.68413576  -1.63580835 
  0.09652537   1.05297005 
 -0.08753432   1.17309304 
  0.40352451  -0.42015407 
  3.21098614   0.24427936 
  2.05413360  -0.26241064 
  0.34394845  -1.14028449 
 -4.86767157   0.47143055 
 -0.12072250   0.19549278 
  0.56565166  -0.77289003 
 -3.39782035  -0.47233865 
  0.21500947   0.19005173 
 -3.74400720   0.00052029 
  3.84098087   0.34196609 
  3.21098614   0.24427936 
  1.20243566  -0.72749184 
 -0.80611482  -1.69926304 
 -2.21456890   1.06424016 
  0.09652537   1.05297005 
 -1.75584505   1.25242625 
 -0.26559447   1.31588094 
 -0.92459892  -0.83634472 
  0.86224835  -0.23196798 
 -2.59296209  -2.30363978 
  3.21098614   0.24427936 
 -3.39782035  -0.47233865 
 -1.75584505   1.25242625 
  4.00310803  -0.01076986 
 -2.21456890   1.06424016 
 -0.00223840  -0.66742555 
 -3.43700806  -1.47260383 
 -0.94333483   0.71724227 
  3.84098087   0.34196609 
  0.52200860  -1.28307239 
  4.30147336   0.08312749 
  3.21098614   0.24427936 
 -3.91612025  -1.38065516 
  0.21946481  -0.30003108 
 -2.21456890   1.06424016 
  3.68330905   0.20461924 
 -0.92459892  -0.83634472 
  2.35249893  -0.16851329 
  4.00310803  -0.01076986 
  3.21098614   0.24427936 
 -1.75584505   1.25242625 
 -2.12927298  -0.77627843 
  1.08395156   0.13542648 
  3.39504584   0.12415638 
  0.37713663  -0.16268423 
 -5.49166675   0.39640873 
  4.30147336   0.08312749 
 -5.18912296  -0.58663258 
  2.35249893  -0.16851329 
  4.13934620   0.43586344 
  1.04476385  -0.86483870 
 -2.21902424   1.55432297 
  3.84098087   0.34196609 
 -0.40035192  -1.45199156 
  0.56119632  -0.28280721 
 -2.42763831  -0.87017578 
 -2.21456890   1.06424016 
  3.21098614   0.24427936 
 -3.03718124   1.58598966 
 -1.60502598  -1.39192527 
  4.13934620   0.43586344 
  1.54862251  -1.20035079 
  1.67475857  -0.76715196 
 -1.89893597  -1.97590543 
 -2.21902424   1.55432297 
  0.40352451  -0.42015407 
  3.84098087   0.34196609 
 -5.55124280  -0.32372169 
  1.52988660   0.35323620 
 -3.74400720   0.00052029 
  2.35249893  -0.16851329 
  0.56565166  -0.77289003 
  0.86224835  -0.23196798 
 -1.53859718   2.10990353 
 -3.70481948   1.00078547 
 -1.23159805   0.63677940 
  1.08395156   0.13542648 
 -2.12927298  -0.77627843 
