  1.24752500   0.95781496 
  1.50137569  -0.19673812 
  4.82888673   0.25503297 
 -2.11681427  -0.44946974 
  4.67349505   0.13977309 
  0.75158367   1.53828724 
 -0.18875926   0.45587467 
 -0.17597370   0.90749441 
  4.39741274   0.07341461 
 -0.97425794   0.98086505 
 -3.05770463  -0.03973924 
  0.24271473   0.63749303 
 -0.46970162   1.83588892 
 -0.89552898  -0.74707143 
  4.39741274   0.07341461 
 -0.17597370   0.90749441 
 -3.82987032  -0.55527219 
 -3.04491907   0.41188050 
  1.67107348  -0.75855916 
  1.78231805  -1.57675237 
 -2.61275560   0.13100254 
  4.21492938   0.18361591 
 -0.17597370   0.90749441 
 -2.67869900   2.31055876 
  4.82888673   0.25503297 
 -1.14395573   1.54268610 
  1.97341639  -0.25145752 
  2.13148269  -0.83698838 
  1.97341639  -0.25145752 
 -1.79057073  -0.46812098 
 -4.18320553  -0.31115977 
 -0.03336758   0.57113455 
  1.46886008  -1.10648139 
  1.97341639  -0.25145752 
 -2.97484784  -2.09002794 
 -2.76397671  -0.96813375 
 -3.95274638   0.23921121 
  1.24752500   0.95781496 
  4.82888673   0.25503297 
  4.21492938   0.18361591 
 -2.00556970  -1.26766295 
 -2.80399598  -2.22393906 
 -0.17597370   0.90749441 
 -3.68726420  -0.89163205 
 -1.90181530   0.35007223 
 -1.18939895  -0.84832367 
 -0.17597370   0.90749441 
 -3.05770463  -0.03973924 
 -0.58207100  -1.21734241 
 -2.90231295   0.07552064 
  0.75158367   1.53828724 
 -1.62573299   0.41643071 
 -3.41118188  -0.82527357 
  1.35876957   0.13962175 
 -1.76406924   1.46008510 
 -0.81886626   1.09612493 
  2.11602251  -0.58781738 
  2.13148269  -0.83698838 
 -3.04491907   0.41188050 
 -1.80335629  -0.91974072 
  0.73865607   0.05702074 
  4.21492938   0.18361591 
  1.52846736  -0.42219930 
 -1.50962837  -1.84813523 
  3.05889802  -1.23584230 
  1.78231805  -1.57675237 
 -2.55314832   0.81528463 
 -2.84270567   0.75980273 
 -1.11686406   1.31722492 
  2.28687437  -0.72172850 
 -0.97425794   0.98086505 
 -3.39353627  -1.82002656 
  2.28687437  -0.72172850 
  1.46886008  -1.10648139 
 -1.68048023  -1.71422412 
 -4.32581165   0.02520010 
  5.26536281   0.01992535 
 -0.97425794   0.98086505 
 -4.12359824   0.37312232 
 -0.97425794   0.98086505 
  1.52846736  -0.42219930 
  2.75836764   0.71569517 
 -4.12359824   0.37312232 
 -1.11686406   1.31722492 
 -3.35157460  -0.14099148 
  2.28687437  -0.72172850 
 -1.47826682  -1.36630189 
 -3.04491907   0.41188050 
 -1.47826682  -1.36630189 
 -0.03336758   0.57113455 
  4.82888673   0.25503297 
  4.81610117  -0.19658677 
 -0.58207100  -1.21734241 
 -0.17597370   0.90749441 
 -0.15624365   1.36561794 
  0.45771370   1.43703500 
 -1.17647135   0.63294283 
  2.88804616  -1.10193119 
  4.97149285  -0.08132689 
  1.50137569  -0.19673812 
