 -0.41725844   0.73246095 
 -0.83896472   1.02953281 
 -2.75993538  -0.34665620 
  0.90078355  -0.42562071 
  3.58299656   0.16585201 
  4.48269937   0.30629884 
  3.76363148   0.05291033 
  4.48269937   0.30629884 
  2.13604641   0.18555615 
  0.84525291  -1.12122732 
 -1.02018711  -1.80180971 
 -0.05444989  -1.26167415 
  1.66041770  -0.71165780 
 -0.68678409   0.66141965 
 -0.83896472   1.02953281 
 -2.91729782  -1.74020519 
  1.50984527  -0.84222384 
  1.20421657  -1.85672477 
 -4.20688554  -0.32695205 
  1.02197345  -1.24510390 
 -3.22073085  -0.30910112 
 -0.83896472   1.02953281 
  3.58299656   0.16585201 
  3.58299656   0.16585201 
  1.66041770  -0.71165780 
  4.18372955   0.25451767 
  3.76363148   0.05291033 
  0.23999507   1.24230162 
 -0.56943908   1.10057410 
 -2.60775475  -0.71476935 
 -4.60151546   0.41055494 
  4.48269937   0.30629884 
  4.03315713   0.12395163 
  1.33151652  -0.21966806 
  4.18372955   0.25451767 
  4.18372955   0.25451767 
 -3.70020445   0.05232257 
 -4.53194182  -1.09359996 
 -4.32423055  -0.76610651 
 -2.79219355  -2.54875347 
  4.18372955   0.25451767 
 -0.68678409   0.66141965 
 -1.19632018   1.26635106 
  0.09227765   0.12752953 
 -4.00363747   1.48342664 
  1.80714524   0.67754589 
 -1.32362013  -0.37070564 
 -0.83896472   1.02953281 
  3.58299656   0.16585201 
 -4.32423055  -0.76610651 
 -0.83896472   1.02953281 
 -0.83896472   1.02953281 
 -3.85306504   1.61399268 
  4.18372955   0.25451767 
  1.23579478   1.53892945 
 -1.32362013  -0.37070564 
 -2.60936296  -0.21609015 
  1.53922780   0.10782539 
 -0.21115537   1.55863360 
  1.05296418  -0.79373386 
 -1.62705315   1.06039842 
  0.84525291  -1.12122732 
 -3.54963202   0.18288861 
  3.58299656   0.16585201 
 -1.62705315   1.06039842 
 -1.01959964   1.14247448 
  1.38704716   0.47593855 
 -2.30592993  -1.64719422 
 -2.75993538  -0.34665620 
  1.63494954  -1.65077213 
 -1.50586325   0.24091523 
 -3.49570958   1.37717442 
  4.03315713   0.12395163 
  4.33591019  -0.11359549 
 -1.95986870   1.54145325 
 -2.43103421  -0.83864593 
  2.76783178  -0.24371751 
 -1.32522834   0.12797355 
 -0.38335107  -0.76968441 
 -4.77984420   1.03311071 
 -2.58321485  -0.47053278 
 -1.83030122  -0.74998027 
 -1.62705315   1.06039842 
  1.33151652  -0.21966806 
 -0.41273360  -1.71973364 
 -2.91211602   0.02145696 
 -1.02179532  -1.30313051 
 -2.75993538  -0.34665620 
 -1.01959964   1.14247448 
  0.38963925   0.67798990 
  0.87072106  -0.18211299 
  0.84525291  -1.12122732 
  1.33151652  -0.21966806 
 -3.39837963  -0.88010229 
  0.72014863  -0.31267903 
  0.74953116   0.63737020 
  4.18533776  -0.24416153 
  0.72014863  -0.31267903 
  2.71230113  -0.93932412 
 -1.62866136   1.55907762 
