  3.28222485   1.51270818 
  4.51228417   0.98861388 
  5.04915103   2.53825368 
  3.65334603   1.52593191 
  4.34443328   0.59094995 
  5.73096631   3.48919406 
  3.35084935   1.93570901 
  4.50066025   0.59622624 
  4.85325787   2.28188751 
  2.79148944   1.31922926 
  4.67179394   1.06959597 
  5.11290472   2.17608625 
  3.22392758   1.17654518 
  4.91710143   0.50169919 
  4.59346905   2.92170693 
  3.34512377   1.98714956 
  4.68328186   0.37119263 
  4.77732972   2.36825562 
  3.60000543   2.07333331 
  4.18452761   0.57078444 
  4.67877722   2.30948641 
  3.15989951   2.02726441 
  5.14794159   0.90756984 
  4.82463389   2.53516800 
  3.32697709   1.52090020 
  4.84479968   0.32751850 
  5.13190564   2.10125653 
  3.22290525   2.13909720 
  4.35224743   0.52819251 
  4.82150090   2.28363761 
  3.52970787   1.60749731 
  4.36089659   1.12436461 
  4.41301845   3.00216593 
  3.81679035   1.60628769 
  4.22957262   1.10107518 
  4.65584690   2.77412885 
  3.02101685   2.20417125 
  4.54823500   0.76713456 
  4.85343619   3.21202202 
  3.44643440   1.66742348 
  4.52866406   0.43276243 
  5.02247627   2.60173759 
  3.35841327   2.65445570 
  4.33496281   0.36757417 
  5.21444464   2.54804124 
  3.20615571   0.89966382 
  4.68540566   0.19483467 
  5.07223257   2.87864968 
  3.54035563   1.58331836 
  4.21168022   0.73225995 
  5.28296829   2.33141285 
  2.77478260   1.32201400 
  4.27022320   1.07838558 
  4.08268919   2.63157559 
  3.21742596   1.48158750 
  4.26698967   0.28947762 
  5.32639142   2.83306364 
  3.06854740   1.44880065 
  4.28606812   0.80794423 
  4.92066504   2.77073260 
