  0.14375720   0.59598354 
  0.99223438   3.10565825 
  1.00622960   0.50501105 
  0.85191939   2.77912014 
 -0.03538232   0.84739120 
  0.62978560   2.61021259 
  0.55700758   0.99230691 
  0.69307393   3.76883236 
  0.48268370   0.95473321 
  0.89023729   3.63993378 
  0.46240503   0.76058703 
  1.07470382   3.52380032 
  0.32755991   0.42875806 
  1.01110992   3.15059966 
  0.09363280   0.18946724 
  0.76897249   3.46054987 
  0.58713265   0.78240753 
  1.01322714   3.28482066 
  0.76269413   0.34105495 
  0.61232446   3.17155274 
  0.70387390   0.46003559 
  0.66835408   2.88414326 
  0.16105914   0.38433886 
  1.24624397   3.08253373 
  0.62476581   0.80319594 
  0.56060472   3.32546041 
  0.33327549   0.95175261 
  1.01078319   3.17849249 
  0.55611184   1.27954743 
  1.03311686   3.20227380 
  0.39699537   0.85217878 
  0.76446962   2.41944280 
  0.34077828   0.76042403 
  0.82614337   2.80216607 
  0.50644945   0.89452168 
  1.02047432   3.13563142 
  0.75444670   0.46650014 
  1.11787158   2.74983995 
  0.85664650   0.72936676 
  0.56559507   3.64044937 
