  0.40370401   3.88755543 
  1.38738145   1.79581363 
  3.24959122   1.60445549 
  3.39055995   1.94012626 
  3.61823756   3.86857952 
  0.48429085   3.79806867 
  0.87143233   2.15066734 
  3.55791393   1.80482874 
  3.70957338   1.71920556 
  2.90247808   3.46289620 
  0.44514178   3.77825132 
  1.36550967   2.19436131 
  3.61873749   2.17990655 
  3.33970512   1.61347101 
  3.08486196   3.83480328 
  0.45132153   3.55009722 
  1.32143962   1.82270004 
  3.39152252   2.43546132 
  3.62264851   2.16968682 
  3.52672008   3.45022500 
 -0.10336922   3.20425781 
  1.10026335   1.97285552 
  3.08203335   2.00276397 
  3.44938907   2.03776276 
  3.54175956   3.43055172 
  0.33794268   4.26717180 
  0.77562902   2.02787492 
  3.27671385   1.34733206 
  3.67392552   2.20979763 
  4.07778981   3.93631451 
  0.56422839   3.45440207 
  1.44465973   2.56949243 
  3.38849014   2.00783834 
  3.22189839   2.23537566 
  2.87751227   3.04548838 
  0.02939670   3.74449062 
  1.84173533   2.46116306 
  3.39308394   2.07203132 
  3.71508079   1.78740896 
  3.30179975   3.47061189 
  0.39073954   3.86045944 
  1.36639442   2.41140473 
  2.80018783   2.09819055 
  3.65721697   2.08476209 
  3.76584415   3.67461156 
  0.21090922   4.34556340 
  1.47706873   2.07548359 
  3.58014014   1.74829182 
  4.52617312   1.73973162 
  3.91612434   3.32113977 
  0.01630080   3.62043784 
  0.91348781   2.31966354 
  3.30926385   1.89294363 
  3.92782413   1.41195017 
  2.92570086   3.90854658 
  0.06041505   3.49076265 
  1.09579885   2.26289173 
  3.07570453   1.81329350 
  3.81399725   1.96455664 
  3.40108517   3.08387082 
  0.00894133   3.42945164 
  1.24581696   2.11289881 
  3.29531466   1.60934437 
  3.58946779   1.69690771 
  3.30577579   3.08073001 
  0.27704035   3.48376945 
  0.81932070   2.48727496 
  3.14281004   1.92993768 
  3.66839156   2.61367817 
  2.80837561   3.68504142 
  0.39981012   3.99581647 
  1.22677463   2.18295409 
  3.77840319   1.50154043 
  3.46016545   1.98600026 
  3.52872719   2.96426127 
  0.27737105   3.81626200 
  1.19546341   2.15929781 
  3.28643307   2.27199377 
  4.17955541   1.71864999 
  3.53134602   3.58041837 
  0.47140008   3.74654014 
  1.07620147   2.22670844 
  3.03004218   1.73222005 
  3.13537925   2.41378471 
  3.27784375   3.74017225 
  0.80955269   3.51679800 
  1.11341785   2.03537116 
  3.34547025   2.08607554 
  3.11079492   2.30600639 
  3.63173174   3.57619987 
  0.41027994   3.66826410 
  1.61805989   2.24748904 
  3.26418714   1.68543712 
  4.11303501   1.99376286 
  3.34867725   3.66617596 
  0.19657975   3.88641137 
  1.16778974   2.36659374 
  3.84627287   1.67234075 
  3.88081993   1.84895711 
  3.31319953   3.50187767 
