  3.34338576   4.71154579 
  1.78634142   2.00807288 
  2.63100340   3.95275058 
  3.85444782   0.89408632 
  3.58478855   5.22139693 
  1.17575906   2.03055626 
  2.42180770   3.87621608 
  4.06474304   0.22013084 
  3.77658831   4.79840843 
  1.24259798   1.96255500 
  2.58869226   4.04153234 
  3.92894654   0.54729529 
  3.38856694   4.67603347 
  1.34488896   2.33798265 
  2.38954689   3.82916113 
  4.63225842   0.10085906 
  3.36274407   4.74589290 
  1.02080786   2.45036178 
  2.75336445   3.69144790 
  3.54778898   0.93475635 
  3.29916558   5.32406942 
  1.77774678   2.07087391 
  1.78162571   3.84141261 
  4.24756572   1.05261610 
  3.45185686   4.98046486 
  1.69496614   2.07550386 
  2.52919571   4.27858545 
  4.11320538   0.84501792 
  3.63635592   4.94714667 
  1.60379614   1.92579260 
  2.60497638   3.77525349 
  4.24237886  -0.12732513 
  3.78765880   4.70239591 
  1.16277092   2.15797182 
  2.69985322   4.16936925 
  4.07553523   0.86335392 
  4.20567624   4.78982295 
  1.38057526   1.72736196 
  2.17621384   3.56340006 
  3.78899242   0.98035093 
  3.85119497   4.69769629 
  1.41517552   2.50046491 
  2.42470909   4.22684512 
  3.60566221   0.61910148 
  3.70953660   4.76750065 
  1.91351208   2.22072925 
  1.66374581   3.39659587 
  4.46192255   0.51070063 
  3.89822774   4.96705170 
  1.57392763   1.65399563 
  2.16030571   3.72010812 
  4.43111769   0.36177517 
  3.56964617   5.00160465 
  1.24446880   2.41752828 
  2.74638038   3.90851782 
  4.26385151   0.71776278 
  3.15295889   5.37276179 
  0.84420950   1.77075837 
  2.14905357   3.93817629 
  4.19009678   0.32540839 
  3.13688992   5.16639966 
  1.24658736   2.25507835 
  2.47918880   4.19442189 
  3.76268949   0.26892641 
  3.64396315   4.66227318 
  1.23839951   2.04711169 
  2.23709154   4.04853526 
  3.87976594   0.65368183 
  3.35538329   4.70752406 
  1.93750437   2.04406858 
  2.27569254   3.63376712 
  3.96893296   0.81672238 
  3.31832034   4.72811060 
  1.31722257   1.59613728 
  2.41792548   3.61987995 
  4.76258231   0.74592472 
  3.22574703   5.59896081 
  1.44550966   1.87981666 
  2.09766662   3.85877630 
  4.06943161   0.76838150 
