  1.65238247   1.44492131 
  2.09999139   3.56923218 
 -0.02325190   4.01371567 
  1.46712124   1.89355886 
  2.25734236   3.50356752 
  0.03402169   4.07183687 
  1.34523177   1.07021264 
  2.63404182   3.21201681 
  0.09033834   3.93729225 
  1.46921330   1.77056622 
  3.17959437   3.63101558 
  0.27923187   4.11086136 
  0.82719781   2.21798054 
  1.98922950   3.38825297 
  0.35573939   3.83081705 
  0.87496056   1.97681798 
  2.29238064   3.54672848 
 -0.12469025   4.31404740 
  1.39517122   1.68312795 
  2.57105678   3.27751493 
 -0.29251385   4.02066629 
  2.03084043   1.62017789 
  2.27919006   3.28762674 
  0.68235589   3.52731251 
  1.27785800   1.13241882 
  2.35260089   3.10049136 
  0.39935249   4.06668621 
  1.56424041   1.57486114 
  2.14394571   3.36585608 
  0.80664491   4.34046211 
  0.73933869   1.25798138 
  1.85413056   3.73470614 
  0.17771015   4.44384435 
  1.19339977   1.64239221 
  2.20235521   2.90358347 
 -0.35543938   4.04107036 
  1.55732352   1.90261971 
  2.15424267   2.70491746 
 -0.03737489   4.56507162 
  1.75964357   1.31792413 
  2.30778397   2.98437002 
  0.31112642   4.13732350 
  1.51366125   1.58826880 
  2.58489140   3.10839937 
  0.10671821   3.90601562 
  1.41131719   1.59618456 
  1.94441534   3.76039511 
 -0.46893332   3.86228353 
  1.71829089   1.38167372 
  2.61713067   3.16867024 
 -0.25136399   3.73566199 
  1.80489378   1.85028548 
  2.46993009   3.29391957 
 -0.28096186   4.56906636 
  1.66593375   1.32564122 
  2.13871784   3.13225563 
 -0.04509055   3.71540108 
  0.76119949   1.54831120 
  1.80246501   3.15857253 
  0.75705437   4.05291685 
