  1.04604612  -0.16293346 
  0.74971363   1.06444600 
  1.71566486   0.12245055 
 -3.04685420  -1.16242380 
  1.36886431   0.63334107 
  1.03845603  -1.10848080 
 -2.57545529  -0.24391447 
  3.75483207   0.14639477 
 -4.28853469  -0.26455660 
 -1.14784867   1.15668203 
 -0.52172218   0.73163164 
  1.03845603  -1.10848080 
 -3.04685420  -1.16242380 
 -1.67974639   0.84095791 
 -3.20193705  -2.06185411 
 -1.33992165   0.32401284 
  2.32144712  -0.33458933 
 -4.60703241   0.67768865 
  3.26969621  -0.25186740 
  1.50985494  -0.18997148 
 -0.68403985   1.12964401 
  1.04604612  -0.16293346 
  1.71566486   0.12245055 
  4.35385320   0.21565660 
 -1.47393647   1.15337994 
 -0.68403985   1.12964401 
 -1.98340997  -0.18070719 
 -0.52172218   0.73163164 
  1.03845603  -1.10848080 
  1.03845603  -1.10848080 
  4.35385320   0.21565660 
 -0.05547270  -1.56022787 
 -2.57545529  -0.24391447 
 -3.09976292   0.38590876 
 -3.37908886   0.30006862 
 -4.12621703  -0.66256897 
  2.59680786   0.25572104 
  1.50985494  -0.18997148 
  0.26854297   0.16171361 
 -4.81284233   0.36526663 
  1.24426595  -0.79605878 
  0.89746539  -0.28516826 
  4.64295088   0.28571981 
 -2.57545529  -0.24391447 
 -0.52172218   0.73163164 
  0.22540599   1.69426923 
  4.64295088   0.28571981 
 -2.90768994   1.21857795 
  4.80526854  -0.11229256 
  1.03845603  -1.10848080 
 -4.12621703  -0.66256897 
 -1.67974639   0.84095791 
 -0.18948752  -0.73086077 
  1.08194829  -0.39804641 
 -4.33202695  -0.97499100 
 -1.88882998  -1.27175006 
  1.86424558   0.24468534 
  3.75483207   0.14639477 
 -0.18948752  -0.73086077 
  0.74971363   1.06444600 
  3.75483207   0.14639477 
  2.13020310   0.30459054 
  3.93931496   0.03351661 
 -3.18784483  -0.33911125 
 -3.94870995  -0.78150168 
 -1.47393647   1.15337994 
 -4.28853469  -0.26455660 
  1.03845603  -1.10848080 
  0.60077763  -1.30077881 
  1.84967969  -0.70691655 
 -4.28853469  -0.26455660 
 -0.66088643  -1.64937010 
  2.46243776  -1.15790188 
  0.26854297   0.16171361 
 -3.37908886   0.30006862 
 -1.04602982   1.36145487 
 -3.20917186  -0.76441143 
 -0.53628808  -0.21997025 
  0.56523074   1.17732416 
 -2.22106464   0.19074235 
 -3.20917186  -0.76441143 
  4.35385320   0.21565660 
  4.35385320   0.21565660 
  1.33993795   0.87450857 
 -3.73347950  -0.13458820 
  0.85397314  -0.99560265 
 -4.81284233   0.36526663 
  1.84967969  -0.70691655 
  4.35385320   0.21565660 
  3.75483207   0.14639477 
  2.30771018   0.18565783 
 -2.38338231   0.58875472 
 -1.47429175  -1.08961008 
 -0.68403985   1.12964401 
  0.89746539  -0.28516826 
  3.75483207   0.14639477 
 -1.47393647   1.15337994 
 -1.88882998  -1.27175006 
 -0.68403985   1.12964401 
 -3.54140652   0.69808098 
 -3.20917186  -0.76441143 
 -0.25576466   0.79153684 
 -0.68403985   1.12964401 
 -2.57545529  -0.24391447 
  1.08194829  -0.39804641 
  3.75483207   0.14639477 
  4.64295088   0.28571981 
  3.93931496   0.03351661 
  4.64295088   0.28571981 
  2.30771018   0.18565783 
  1.03845603  -1.10848080 
 -0.80946715  -1.77160489 
  0.15033722  -1.24780585 
  1.84967969  -0.70691655 
 -0.52172218   0.73163164 
 -0.68403985   1.12964401 
 -2.70702945  -1.67936887 
  1.70109896  -0.82915135 
  1.41418294  -1.86053883 
 -4.02257718  -0.20465141 
  1.21596311  -1.22741351 
 -3.03926411  -0.21687645 
 -0.68403985   1.12964401 
  3.75483207   0.14639477 
  3.75483207   0.14639477 
  1.84967969  -0.70691655 
  4.35385320   0.21565660 
  3.93931496   0.03351661 
  0.38772366   1.29625687 
 -0.41808233   1.18954920 
 -2.41313762  -0.64192683 
 -4.42952533   0.55875594 
  4.64295088   0.28571981 
  4.20527248   0.09342181 
  1.50985494  -0.18997148 
  4.35385320   0.21565660 
  4.35385320   0.21565660 
 -3.52766958   0.17783383 
 -4.33202695  -0.97499100 
 -4.12621703  -0.66256897 
 -2.56603882  -2.50268142 
  4.35385320   0.21565660 
 -0.52172218   0.73163164 
 -1.04602982   1.36145487 
  0.26854297   0.16171361 
 -3.85990424   1.64032624 
  1.96788543   0.70260290 
 -1.14170181  -0.30911248 
 -0.68403985   1.12964401 
  3.75483207   0.14639477 
 -4.12621703  -0.66256897 
 -0.68403985   1.12964401 
 -0.68403985   1.12964401 
 -3.71132351   1.76256104 
  4.35385320   0.21565660 
  1.38343021   1.58494296 
 -1.14170181  -0.30911248 
 -2.42687457  -0.12167968 
  1.71566486   0.12245055 
 -0.06369169   1.62420602 
  1.24426595  -0.79605878 
 -1.47393647   1.15337994 
  1.03845603  -1.10848080 
 -3.37908886   0.30006862 
  3.75483207   0.14639477 
 -1.47393647   1.15337994 
 -0.86852274   1.24252216 
  1.55334720   0.52046291 
 -2.09463991  -1.58417209 
 -2.57545529  -0.24391447 
  1.84208960  -1.65246390 
 -1.33992165   0.32401284 
 -3.34933354   1.53075017 
  4.20527248   0.09342181 
  4.51617086  -0.18235576 
 -1.82073703   1.66427046 
 -2.23563054  -0.76085954 
  2.94360841  -0.25516948 
 -1.15543876   0.21113468 
 -0.18948752  -0.73086077 
 -4.62076935   1.19793581 
 -2.39794821  -0.36284718 
 -1.63660941  -0.69159771 
 -1.47393647   1.15337994 
  1.50985494  -0.18997148 
 -0.20405342  -1.68246267 
 -2.73777295   0.15409789 
 -0.82320410  -1.25135773 
 -2.57545529  -0.24391447 
 -0.86852274   1.24252216 
  0.54390370   0.75202398 
  1.04604612  -0.16293346 
  1.03845603  -1.10848080 
  1.50985494  -0.18997148 
 -3.20917186  -0.76441143 
  0.89746539  -0.28516826 
  0.91203129   0.66643364 
  4.36759014  -0.30459056 
  0.89746539  -0.28516826 
  2.90011616  -0.96560388 
 -1.48767342   1.67362710 
