  0.10000000   0.04224269   0.01219648
  0.10447236   0.04782273   0.01246379
  0.10894472   0.05653100   0.01274369
  0.11341709   0.05947746   0.01303614
  0.11788945   0.07608301   0.01334112
  0.12236181   0.07846585   0.01365856
  0.12683417   0.11318701   0.01398841
  0.13130653   0.09221894   0.01433063
  0.13577889   0.10821811   0.01468513
  0.14025126   0.10744831   0.01505186
  0.14472362   0.12494287   0.01543074
  0.14919598   0.13618083   0.01582170
  0.15366834   0.11907644   0.01622465
  0.15814070   0.11667627   0.01663950
  0.16261307   0.12149481   0.01706617
  0.16708543   0.16054746   0.01750456
  0.17155779   0.18229183   0.01795458
  0.17603015   0.16298334   0.01841612
  0.18050251   0.15312326   0.01888908
  0.18497487   0.24149495   0.01937336
  0.18944724   0.18980406   0.01986883
  0.19391960   0.18712420   0.02037539
  0.19839196   0.23226039   0.02089292
  0.20286432   0.23159207   0.02142129
  0.20733668   0.22804758   0.02196039
  0.21180905   0.26382155   0.02251009
  0.21628141   0.29288897   0.02307025
  0.22075377   0.27011573   0.02364075
  0.22522613   0.27811588   0.02422144
  0.22969849   0.29060628   0.02481220
  0.23417085   0.31120038   0.02541287
  0.23864322   0.37334031   0.02602332
  0.24311558   0.37221182   0.02664340
  0.24758794   0.36472331   0.02727296
  0.25206030   0.37910481   0.02791185
  0.25653266   0.40946067   0.02855991
  0.26100503   0.37691665   0.02921699
  0.26547739   0.38306448   0.02988293
  0.26994975   0.47557530   0.03055757
  0.27442211   0.41850837   0.03124073
  0.27889447   0.44893767   0.03193226
  0.28336683   0.49363065   0.03263199
  0.28783920   0.46114267   0.03333973
  0.29231156   0.48361616   0.03405533
  0.29678392   0.56481697   0.03477860
  0.30125628   0.47280529   0.03550937
  0.30572864   0.52387083   0.03624745
  0.31020101   0.59881090   0.03699265
  0.31467337   0.58412376   0.03774480
  0.31914573   0.57143798   0.03850370
  0.32361809   0.63615844   0.03926917
  0.32809045   0.62305129   0.04004100
  0.33256281   0.73404304   0.04081901
  0.33703518   0.65510375   0.04160299
  0.34150754   0.70536603   0.04239275
  0.34597990   0.68644290   0.04318808
  0.35045226   0.65289202   0.04398877
  0.35492462   0.65760474   0.04479463
  0.35939698   0.74003043   0.04560543
  0.36386935   0.66546794   0.04642097
  0.36834171   0.71449939   0.04724104
  0.37281407   0.74768825   0.04806540
  0.37728643   0.75521681   0.04889385
  0.38175879   0.84693908   0.04972617
  0.38623116   0.75039038   0.05056212
  0.39070352   0.89713463   0.05140148
  0.39517588   0.78744046   0.05224402
  0.39964824   0.84653786   0.05308951
  0.40412060   0.88602529   0.05393772
  0.40859296   0.89058185   0.05478840
  0.41306533   0.82309401   0.05564132
  0.41753769   1.01462750   0.05649623
  0.42201005   0.94499501   0.05735290
  0.42648241   1.02115242   0.05821106
  0.43095477   1.01423388   0.05907048
  0.43542714   0.97723719   0.05993090
  0.43989950   0.98319346   0.06079206
  0.44437186   1.06561906   0.06165370
  0.44884422   1.03009283   0.06251557
  0.45331658   1.12452885   0.06337740
  0.45778894   1.13293940   0.06423892
  0.46226131   1.02638391   0.06509987
  0.46673367   1.00058983   0.06595997
  0.47120603   1.19453720   0.06681894
  0.47567839   1.15063345   0.06767651
  0.48015075   1.20766991   0.06853240
  0.48462312   1.17673066   0.06938632
  0.48909548   1.17313885   0.07023798
  0.49356784   1.14783602   0.07108710
  0.49804020   1.19769885   0.07193337
  0.50251256   1.26153739   0.07277651
  0.50698492   1.36465571   0.07361621
  0.51145729   1.40979174   0.07445217
  0.51592965   1.24669470   0.07528407
  0.52040201   1.29742477   0.07611162
  0.52487437   1.23784477   0.07693449
  0.52934673   1.41265212   0.07775237
  0.53381910   1.35472177   0.07856494
  0.53829146   1.48986658   0.07937187
  0.54276382   1.44646440   0.08017283
  0.54723618   1.45681181   0.08096749
  0.55170854   1.42749069   0.08175551
  0.55618090   1.35678991   0.08253655
  0.56065327   1.60978752   0.08331027
  0.56512563   1.51626418   0.08407632
  0.56959799   1.63334916   0.08483434
  0.57407035   1.45970892   0.08558397
  0.57854271   1.59606173   0.08632486
  0.58301508   1.59563432   0.08705664
  0.58748744   1.52909499   0.08777892
  0.59195980   1.76048142   0.08849135
  0.59643216   1.49253989   0.08919354
  0.60090452   1.70379235   0.08988509
  0.60537688   1.66090481   0.09056562
  0.60984925   1.58413235   0.09123473
  0.61432161   1.51508894   0.09189202
  0.61879397   1.73979143   0.09253708
  0.62326633   1.48799693   0.09316950
  0.62773869   1.71139582   0.09378885
  0.63221106   1.69619905   0.09439471
  0.63668342   1.78728961   0.09498665
  0.64115578   1.72133919   0.09556423
  0.64562814   1.63179323   0.09612701
  0.65010050   1.75616809   0.09667452
  0.65457286   1.65989706   0.09720631
  0.65904523   1.89846491   0.09772192
  0.66351759   1.76142113   0.09822087
  0.66798995   1.70532749   0.09870267
  0.67246231   1.82589559   0.09916685
  0.67693467   1.80339705   0.09961289
  0.68140704   1.69451692   0.10004029
  0.68587940   1.89941493   0.10044854
  0.69035176   2.00437433   0.10083710
  0.69482412   1.88067951   0.10120545
  0.69929648   1.97767847   0.10155304
  0.70376884   1.79107307   0.10187931
  0.70824121   1.70056198   0.10218369
  0.71271357   1.94750982   0.10246561
  0.71718593   1.78853940   0.10272448
  0.72165829   1.95532885   0.10295969
  0.72613065   1.86849533   0.10317063
  0.73060302   1.89885753   0.10335668
  0.73507538   1.94971658   0.10351718
  0.73954774   1.81831314   0.10365149
  0.74402010   1.97800326   0.10375892
  0.74849246   2.13749388   0.10383880
  0.75296482   1.90641710   0.10389042
  0.75743719   1.87098835   0.10391305
  0.76190955   1.84054285   0.10390595
  0.76638191   1.79232972   0.10386837
  0.77085427   1.60987774   0.10379952
  0.77532663   1.89580818   0.10369859
  0.77979899   1.94979467   0.10356476
  0.78427136   1.87631841   0.10339719
  0.78874372   1.91128697   0.10319499
  0.79321608   1.68101559   0.10295726
  0.79768844   1.70422899   0.10268307
  0.80216080   1.89804367   0.10237145
  0.80663317   1.64285799   0.10202141
  0.81110553   1.96204294   0.10163191
  0.81557789   1.90112332   0.10120190
  0.82005025   1.81959491   0.10073024
  0.82452261   1.69410418   0.10021581
  0.82899497   1.82516363   0.09965738
  0.83346734   1.78406473   0.09905373
  0.83793970   1.76481009   0.09840354
  0.84241206   1.73684806   0.09770544
  0.84688442   1.71328943   0.09695803
  0.85135678   1.78867858   0.09615979
  0.85582915   1.67452664   0.09530917
  0.86030151   1.76105503   0.09440451
  0.86477387   1.73615632   0.09344406
  0.86924623   1.76132784   0.09242599
  0.87371859   1.68259726   0.09134834
  0.87819095   1.77489856   0.09020905
  0.88266332   1.58883711   0.08900590
  0.88713568   1.64969360   0.08773653
  0.89160804   1.42155211   0.08639840
  0.89608040   1.50260770   0.08498881
  0.90055276   1.35281814   0.08350480
  0.90502513   1.44373186   0.08194320
  0.90949749   1.43286843   0.08030052
  0.91396985   1.41471683   0.07857297
  0.91844221   1.33665822   0.07675635
  0.92291457   1.47252818   0.07484604
  0.92738693   1.26862495   0.07283688
  0.93185930   1.26646232   0.07072304
  0.93633166   1.25131606   0.06849797
  0.94080402   1.23172026   0.06615415
  0.94527638   1.01153141   0.06368289
  0.94974874   0.99424207   0.06107400
  0.95422111   0.90366627   0.05831541
  0.95869347   0.83654562   0.05539251
  0.96316583   0.91138498   0.05228727
  0.96763819   0.78547441   0.04897688
  0.97211055   0.72984153   0.04543154
  0.97658291   0.66531372   0.04161071
  0.98105528   0.67489471   0.03745614
  0.98552764   0.50846326   0.03287743
  0.99000000   0.38654753   0.02771650
