  0.10000000   0.00835688   0.00123620
  0.14974874   0.01296866   0.00150538
  0.19949749   0.01866468   0.00179013
  0.24924623   0.02145788   0.00208353
  0.29899497   0.03217391   0.00238114
  0.34874372   0.03844813   0.00267984
  0.39849246   0.03796963   0.00297734
  0.44824121   0.05504161   0.00327190
  0.49798995   0.05772528   0.00356218
  0.54773869   0.06542635   0.00384714
  0.59748744   0.06658906   0.00412595
  0.64723618   0.07493327   0.00439795
  0.69698492   0.06919855   0.00466263
  0.74673367   0.08216659   0.00491960
  0.79648241   0.08319398   0.00516855
  0.84623116   0.08697861   0.00540925
  0.89597990   0.08697159   0.00564153
  0.94572864   0.09414195   0.00586528
  0.99547739   0.09627209   0.00608044
  1.04522613   0.09390632   0.00628698
  1.09497487   0.11429158   0.00648491
  1.14472362   0.11346165   0.00667427
  1.19447236   0.11332378   0.00685511
  1.24422111   0.13151698   0.00702751
  1.29396985   0.14002337   0.00719158
  1.34371859   0.11625014   0.00734742
  1.39346734   0.14303656   0.00749516
  1.44321608   0.13262872   0.00763494
  1.49296482   0.14133906   0.00776690
  1.54271357   0.14506932   0.00789121
  1.59246231   0.13881753   0.00800800
  1.64221106   0.14897111   0.00811747
  1.69195980   0.16003436   0.00821976
  1.74170854   0.15218506   0.00831506
  1.79145729   0.15418854   0.00840353
  1.84120603   0.14851353   0.00848536
  1.89095477   0.15037380   0.00856072
  1.94070352   0.17623537   0.00862979
  1.99045226   0.15524099   0.00869275
  2.04020101   0.15802631   0.00874977
  2.08994975   0.15400664   0.00880103
  2.13969849   0.16978586   0.00884671
  2.18944724   0.15048972   0.00888698
  2.23919598   0.16573803   0.00892201
  2.28894472   0.16722279   0.00895197
  2.33869347   0.15172916   0.00897703
  2.38844221   0.16860525   0.00899736
  2.43819095   0.16512009   0.00901311
  2.48793970   0.15816978   0.00902446
  2.53768844   0.18321832   0.00903155
  2.58743719   0.15943205   0.00903454
  2.63718593   0.15996751   0.00903358
  2.68693467   0.15286807   0.00902883
  2.73668342   0.14997298   0.00902042
  2.78643216   0.15568690   0.00900850
  2.83618090   0.16775222   0.00899321
  2.88592965   0.16261389   0.00897469
  2.93567839   0.15340136   0.00895307
  2.98542714   0.15702896   0.00892848
  3.03517588   0.16840733   0.00890104
  3.08492462   0.16524846   0.00887089
  3.13467337   0.16045495   0.00883813
  3.18442211   0.15536666   0.00880290
  3.23417085   0.15115487   0.00876530
  3.28391960   0.15246315   0.00872544
  3.33366834   0.14405188   0.00868344
  3.38341709   0.15670622   0.00863940
  3.43316583   0.16123088   0.00859342
  3.48291457   0.14905238   0.00854560
  3.53266332   0.15913045   0.00849604
  3.58241206   0.16665622   0.00844483
  3.63216080   0.16150070   0.00839206
  3.68190955   0.15042667   0.00833783
  3.73165829   0.13573682   0.00828221
  3.78140704   0.15210185   0.00822529
  3.83115578   0.14345800   0.00816716
  3.88090452   0.15985974   0.00810788
  3.93065327   0.15085469   0.00804754
  3.98040201   0.14342683   0.00798620
  4.03015075   0.14012708   0.00792395
  4.07989950   0.15582071   0.00786084
  4.12964824   0.13153548   0.00779694
  4.17939698   0.12674732   0.00773232
  4.22914573   0.12948704   0.00766703
  4.27889447   0.12823553   0.00760114
  4.32864322   0.11977960   0.00753471
  4.37839196   0.13989204   0.00746779
  4.42814070   0.13073340   0.00740042
  4.47788945   0.12564768   0.00733268
  4.52763819   0.12174325   0.00726459
  4.57738693   0.12460895   0.00719622
  4.62713568   0.12317929   0.00712761
  4.67688442   0.11217168   0.00705879
  4.72663317   0.11992019   0.00698982
  4.77638191   0.11417658   0.00692073
  4.82613065   0.13224958   0.00685157
  4.87587940   0.11121154   0.00678237
  4.92562814   0.12241772   0.00671316
  4.97537688   0.12824065   0.00664399
  5.02512563   0.10691960   0.00657488
  5.07487437   0.11989168   0.00650586
  5.12462312   0.11275240   0.00643697
  5.17437186   0.11767205   0.00636824
  5.22412060   0.11219568   0.00629969
  5.27386935   0.09789538   0.00623135
  5.32361809   0.10793301   0.00616324
  5.37336683   0.09530837   0.00609539
  5.42311558   0.11428671   0.00602783
  5.47286432   0.11192835   0.00596056
  5.52261307   0.09976370   0.00589362
  5.57236181   0.10424594   0.00582703
  5.62211055   0.09571521   0.00576080
  5.67185930   0.08586936   0.00569494
  5.72160804   0.09077717   0.00562949
  5.77135678   0.10070075   0.00556445
  5.82110553   0.08638892   0.00549983
  5.87085427   0.08958634   0.00543566
  5.92060302   0.08083588   0.00537194
  5.97035176   0.07565643   0.00530869
  6.02010050   0.07816081   0.00524592
  6.06984925   0.09091504   0.00518364
  6.11959799   0.08899238   0.00512187
  6.16934673   0.08806883   0.00506060
  6.21909548   0.07808655   0.00499985
  6.26884422   0.07877046   0.00493963
  6.31859296   0.08993999   0.00487995
  6.36834171   0.07505430   0.00482080
  6.41809045   0.07890959   0.00476221
  6.46783920   0.07751523   0.00470417
  6.51758794   0.08544249   0.00464670
  6.56733668   0.07324547   0.00458979
  6.61708543   0.07595069   0.00453344
  6.66683417   0.07625700   0.00447768
  6.71658291   0.07778983   0.00442249
  6.76633166   0.07248721   0.00436787
  6.81608040   0.06199254   0.00431385
  6.86582915   0.06567915   0.00426040
  6.91557789   0.06672782   0.00420755
  6.96532663   0.07472515   0.00415528
  7.01507538   0.06435130   0.00410360
  7.06482412   0.06633092   0.00405251
  7.11457286   0.05871890   0.00400201
  7.16432161   0.06508010   0.00395210
  7.21407035   0.06505927   0.00390278
  7.26381910   0.05887942   0.00385405
  7.31356784   0.06005953   0.00380591
  7.36331658   0.06066819   0.00375836
  7.41306533   0.05394889   0.00371139
  7.46281407   0.05395281   0.00366501
  7.51256281   0.05381262   0.00361921
  7.56231156   0.04791445   0.00357399
  7.61206030   0.04743975   0.00352934
  7.66180905   0.05627107   0.00348528
  7.71155779   0.05348809   0.00344179
  7.76130653   0.05261943   0.00339887
  7.81105528   0.04843023   0.00335651
  7.86080402   0.05710246   0.00331473
  7.91055276   0.04647860   0.00327350
  7.96030151   0.05174499   0.00323283
  8.01005025   0.04713658   0.00319271
  8.05979899   0.05070381   0.00315315
  8.10954774   0.04380736   0.00311413
  8.15929648   0.03831290   0.00307565
  8.20904523   0.04378133   0.00303771
  8.25879397   0.04552206   0.00300031
  8.30854271   0.04461531   0.00296344
  8.35829146   0.03856411   0.00292709
  8.40804020   0.04054644   0.00289126
  8.45778894   0.04470590   0.00285595
  8.50753769   0.04271276   0.00282116
  8.55728643   0.03353420   0.00278687
  8.60703518   0.03886729   0.00275308
  8.65678392   0.04025512   0.00271979
  8.70653266   0.03423188   0.00268700
  8.75628141   0.04263163   0.00265469
  8.80603015   0.03768051   0.00262287
  8.85577889   0.03375268   0.00259153
  8.90552764   0.03400191   0.00256066
  8.95527638   0.03373592   0.00253026
  9.00502513   0.03315268   0.00250032
  9.05477387   0.03726743   0.00247085
  9.10452261   0.03084401   0.00244182
  9.15427136   0.03223793   0.00241325
  9.20402010   0.03238436   0.00238512
  9.25376884   0.02823014   0.00235743
  9.30351759   0.03069079   0.00233017
  9.35326633   0.02849833   0.00230334
  9.40301508   0.02978475   0.00227693
  9.45276382   0.02939773   0.00225095
  9.50251256   0.02463731   0.00222537
  9.55226131   0.02491159   0.00220021
  9.60201005   0.03183254   0.00217544
  9.65175879   0.02794335   0.00215108
  9.70150754   0.02652106   0.00212711
  9.75125628   0.02359839   0.00210353
  9.80100503   0.02402543   0.00208033
  9.85075377   0.02685538   0.00205751
  9.90050251   0.02347830   0.00203506
  9.95025126   0.02523596   0.00201298
 10.00000000   0.02298185   0.00199127
