  0.00000000   0.02982265   0.00318377
  0.02010050   0.02632320   0.00324164
  0.04020101   0.03200823   0.00330146
  0.06030151   0.02739158   0.00336327
  0.08040201   0.03535919   0.00342711
  0.10050251   0.02617768   0.00349302
  0.12060302   0.03596781   0.00356103
  0.14070352   0.03369432   0.00363119
  0.16080402   0.03493984   0.00370353
  0.18090452   0.03986911   0.00377810
  0.20100503   0.03953349   0.00385493
  0.22110553   0.04623352   0.00393406
  0.24120603   0.04361299   0.00401551
  0.26130653   0.04987465   0.00409933
  0.28140704   0.04545480   0.00418555
  0.30150754   0.04951207   0.00427420
  0.32160804   0.05277954   0.00436531
  0.34170854   0.05788913   0.00445891
  0.36180905   0.05766004   0.00455502
  0.38190955   0.05546831   0.00465368
  0.40201005   0.05230895   0.00475491
  0.42211055   0.05757553   0.00485873
  0.44221106   0.06468344   0.00496516
  0.46231156   0.06015512   0.00507422
  0.48241206   0.06896320   0.00518593
  0.50251256   0.07560717   0.00530030
  0.52261307   0.07340724   0.00541734
  0.54271357   0.07538830   0.00553707
  0.56281407   0.07922234   0.00565950
  0.58291457   0.08645969   0.00578462
  0.60301508   0.09054588   0.00591244
  0.62311558   0.07839778   0.00604296
  0.64321608   0.08852583   0.00617619
  0.66331658   0.09369256   0.00631211
  0.68341709   0.09104440   0.00645071
  0.70351759   0.11202219   0.00659199
  0.72361809   0.10421743   0.00673592
  0.74371859   0.09552674   0.00688250
  0.76381910   0.11007637   0.00703171
  0.78391960   0.11243367   0.00718351
  0.80402010   0.11606722   0.00733788
  0.82412060   0.10079122   0.00749479
  0.84422111   0.12858212   0.00765420
  0.86432161   0.10747245   0.00781609
  0.88442211   0.13219587   0.00798040
  0.90452261   0.11763444   0.00814710
  0.92462312   0.13326150   0.00831613
  0.94472362   0.14167445   0.00848744
  0.96482412   0.14404011   0.00866097
  0.98492462   0.14079432   0.00883668
  1.00502513   0.13567555   0.00901449
  1.02512563   0.14659094   0.00919433
  1.04522613   0.14372683   0.00937614
  1.06532663   0.13901298   0.00955984
  1.08542714   0.14985598   0.00974535
  1.10552764   0.16822919   0.00993260
  1.12562814   0.17177208   0.01012149
  1.14572864   0.16569086   0.01031194
  1.16582915   0.17445938   0.01050385
  1.18592965   0.18256904   0.01069712
  1.20603015   0.18373430   0.01089167
  1.22613065   0.18833647   0.01108737
  1.24623116   0.21289532   0.01128414
  1.26633166   0.16722338   0.01148184
  1.28643216   0.20130097   0.01168038
  1.30653266   0.20477000   0.01187964
  1.32663317   0.21332295   0.01207949
  1.34673367   0.20219678   0.01227981
  1.36683417   0.22442259   0.01248048
  1.38693467   0.21954032   0.01268137
  1.40703518   0.23231504   0.01288234
  1.42713568   0.23800801   0.01308327
  1.44723618   0.24697399   0.01328401
  1.46733668   0.23255437   0.01348443
  1.48743719   0.25544425   0.01368439
  1.50753769   0.24457397   0.01388374
  1.52763819   0.22524766   0.01408235
  1.54773869   0.24719671   0.01428005
  1.56783920   0.24595746   0.01447672
  1.58793970   0.23180688   0.01467219
  1.60804020   0.25485350   0.01486632
  1.62814070   0.25565174   0.01505896
  1.64824121   0.27972420   0.01524995
  1.66834171   0.27775581   0.01543915
  1.68844221   0.29005695   0.01562639
  1.70854271   0.28445854   0.01581154
  1.72864322   0.28129416   0.01599443
  1.74874372   0.28578169   0.01617492
  1.76884422   0.29551882   0.01635284
  1.78894472   0.31354693   0.01652806
  1.80904523   0.31119767   0.01670041
  1.82914573   0.27825921   0.01686976
  1.84924623   0.30651189   0.01703595
  1.86934673   0.30388886   0.01719883
  1.88944724   0.32082308   0.01735827
  1.90954774   0.30875900   0.01751412
  1.92964824   0.33709636   0.01766623
  1.94974874   0.31682769   0.01781447
  1.96984925   0.29656095   0.01795871
  1.98994975   0.35096365   0.01809881
  2.01005025   0.33646464   0.01823464
  2.03015075   0.34143875   0.01836607
  2.05025126   0.32076605   0.01849299
  2.07035176   0.35156148   0.01861527
  2.09045226   0.29647692   0.01873279
  2.11055276   0.36132804   0.01884545
  2.13065327   0.34276549   0.01895314
  2.15075377   0.31408137   0.01905575
  2.17085427   0.32326286   0.01915318
  2.19095477   0.35263164   0.01924533
  2.21105528   0.35464731   0.01933213
  2.23115578   0.33247170   0.01941349
  2.25125628   0.34468967   0.01948931
  2.27135678   0.38229685   0.01955954
  2.29145729   0.34714972   0.01962410
  2.31155779   0.35803580   0.01968292
  2.33165829   0.37421729   0.01973596
  2.35175879   0.37713818   0.01978315
  2.37185930   0.36295596   0.01982445
  2.39195980   0.32877373   0.01985982
  2.41206030   0.32876798   0.01988922
  2.43216080   0.37052243   0.01991262
  2.45226131   0.34764041   0.01993000
  2.47236181   0.37382573   0.01994135
  2.49246231   0.33505680   0.01994665
  2.51256281   0.37183160   0.01994589
  2.53266332   0.37506428   0.01993908
  2.55276382   0.36982673   0.01992622
  2.57286432   0.34170731   0.01990733
  2.59296482   0.35447787   0.01988243
  2.61306533   0.36953664   0.01985153
  2.63316583   0.32851683   0.01981468
  2.65326633   0.34530306   0.01977190
  2.67336683   0.33694450   0.01972325
  2.69346734   0.37682096   0.01966876
  2.71356784   0.38981577   0.01960849
  2.73366834   0.36843990   0.01954251
  2.75376884   0.33858873   0.01947088
  2.77386935   0.35604510   0.01939366
  2.79396985   0.34563626   0.01931094
  2.81407035   0.33178692   0.01922279
  2.83417085   0.35293114   0.01912931
  2.85427136   0.34643375   0.01903057
  2.87437186   0.32082247   0.01892669
  2.89447236   0.32723354   0.01881775
  2.91457286   0.33261370   0.01870387
  2.93467337   0.34760557   0.01858514
  2.95477387   0.30991976   0.01846169
  2.97487437   0.31945101   0.01833363
  2.99497487   0.31898564   0.01820109
  3.01507538   0.34278077   0.01806418
  3.03517588   0.35377660   0.01792303
  3.05527638   0.34466505   0.01777778
  3.07537688   0.33237762   0.01762856
  3.09547739   0.31895475   0.01747550
  3.11557789   0.31131394   0.01731874
  3.13567839   0.28116842   0.01715843
  3.15577889   0.29651992   0.01699471
  3.17587940   0.29993366   0.01682771
  3.19597990   0.30069041   0.01665760
  3.21608040   0.27680409   0.01648452
  3.23618090   0.27906649   0.01630861
  3.25628141   0.29533736   0.01613003
  3.27638191   0.26375597   0.01594893
  3.29648241   0.26681674   0.01576546
  3.31658291   0.27955163   0.01557977
  3.33668342   0.29520026   0.01539203
  3.35678392   0.25178349   0.01520237
  3.37688442   0.27334253   0.01501095
  3.39698492   0.24827265   0.01481792
  3.41708543   0.25161744   0.01462344
  3.43718593   0.24359805   0.01442766
  3.45728643   0.26626509   0.01423072
  3.47738693   0.25643577   0.01403277
  3.49748744   0.21128822   0.01383397
  3.51758794   0.23150124   0.01363445
  3.53768844   0.23985736   0.01343437
  3.55778894   0.20781344   0.01323385
  3.57788945   0.22170088   0.01303305
  3.59798995   0.21491442   0.01283210
  3.61809045   0.22259304   0.01263113
  3.63819095   0.20151353   0.01243029
  3.65829146   0.20930354   0.01222969
  3.67839196   0.19804813   0.01202948
  3.69849246   0.18360303   0.01182977
  3.71859296   0.19187733   0.01163068
  3.73869347   0.18714494   0.01143233
  3.75879397   0.18515578   0.01123485
  3.77889447   0.18117522   0.01103834
  3.79899497   0.16336673   0.01084292
  3.81909548   0.18835971   0.01064868
  3.83919598   0.18669325   0.01045574
  3.85929648   0.16771884   0.01026418
  3.87939698   0.15778944   0.01007412
  3.89949749   0.16355871   0.00988563
  3.91959799   0.15382491   0.00969881
  3.93969849   0.15462600   0.00951374
  3.95979899   0.13394051   0.00933051
  3.97989950   0.16214936   0.00914918
  4.00000000   0.14606690   0.00896984
