  0.01000000   0.01725659   0.00501843
  0.02251256   0.02581105   0.00573984
  0.03502513   0.04638155   0.00655012
  0.04753769   0.05585156   0.00742044
  0.06005025   0.07668635   0.00833647
  0.07256281   0.08996258   0.00928918
  0.08507538   0.10746304   0.01027217
  0.09758794   0.11227997   0.01128048
  0.11010050   0.13704318   0.01231007
  0.12261307   0.17911957   0.01335753
  0.13512563   0.19155711   0.01441983
  0.14763819   0.20302757   0.01549429
  0.16015075   0.26258748   0.01657843
  0.17266332   0.27710749   0.01766996
  0.18517588   0.27567374   0.01876672
  0.19768844   0.32502859   0.01986666
  0.21020101   0.30377037   0.02096784
  0.22271357   0.39494524   0.02206838
  0.23522613   0.37189957   0.02316647
  0.24773869   0.41171348   0.02426037
  0.26025126   0.42903507   0.02534839
  0.27276382   0.41868364   0.02642889
  0.28527638   0.48820648   0.02750026
  0.29778894   0.49758393   0.02856095
  0.31030151   0.47819226   0.02960947
  0.32281407   0.52859495   0.03064434
  0.33532663   0.50357166   0.03166415
  0.34783920   0.55167058   0.03266751
  0.36035176   0.52969554   0.03365309
  0.37286432   0.57930792   0.03461959
  0.38537688   0.61206378   0.03556577
  0.39788945   0.67767961   0.03649042
  0.41040201   0.64984287   0.03739239
  0.42291457   0.64279054   0.03827057
  0.43542714   0.69064387   0.03912390
  0.44793970   0.66095583   0.03995137
  0.46045226   0.69706071   0.04075201
  0.47296482   0.80417685   0.04152492
  0.48547739   0.75927792   0.04226925
  0.49798995   0.73350293   0.04298418
  0.51050251   0.77729565   0.04366898
  0.52301508   0.76525879   0.04432294
  0.53552764   0.77558150   0.04494544
  0.54804020   0.80908450   0.04553589
  0.56055276   0.80949260   0.04609376
  0.57306533   0.84732747   0.04661860
  0.58557789   0.92508656   0.04710999
  0.59809045   0.84561053   0.04756758
  0.61060302   0.85135412   0.04799109
  0.62311558   0.91820873   0.04838027
  0.63562814   0.92311044   0.04873496
  0.64814070   0.91878920   0.04905502
  0.66065327   0.89715336   0.04934040
  0.67316583   0.84434682   0.04959110
  0.68567839   0.93852211   0.04980716
  0.69819095   0.89457174   0.04998869
  0.71070352   0.91933077   0.05013586
  0.72321608   0.88958248   0.05024887
  0.73572864   0.93768586   0.05032798
  0.74824121   0.90220485   0.05037353
  0.76075377   0.88732826   0.05038587
  0.77326633   0.84434953   0.05036542
  0.78577889   0.86146459   0.05031264
  0.79829146   1.00168570   0.05022804
  0.81080402   1.01625818   0.05011217
  0.82331658   0.85661084   0.04996563
  0.83582915   0.89858891   0.04978904
  0.84834171   0.90316963   0.04958308
  0.86085427   0.87367903   0.04934845
  0.87336683   0.98018087   0.04908590
  0.88587940   0.91163612   0.04879620
  0.89839196   0.84793748   0.04848016
  0.91090452   0.81113655   0.04813860
  0.92341709   0.86838289   0.04777240
  0.93592965   0.85918414   0.04738241
  0.94844221   0.78332813   0.04696956
  0.96095477   0.87049772   0.04653476
  0.97346734   0.83257916   0.04607896
  0.98597990   0.88079300   0.04560310
  0.99849246   0.80006511   0.04510815
  1.01100503   0.82325954   0.04459509
  1.02351759   0.76095743   0.04406490
  1.03603015   0.77937227   0.04351858
  1.04854271   0.81963635   0.04295712
  1.06105528   0.81581549   0.04238152
  1.07356784   0.74786085   0.04179276
  1.08608040   0.83707416   0.04119186
  1.09859296   0.71650485   0.04057979
  1.11110553   0.75895861   0.03995754
  1.12361809   0.70465051   0.03932608
  1.13613065   0.66927223   0.03868639
  1.14864322   0.73932902   0.03803941
  1.16115578   0.66684398   0.03738608
  1.17366834   0.63304763   0.03672734
  1.18618090   0.62309951   0.03606409
  1.19869347   0.62791574   0.03539722
  1.21120603   0.60272147   0.03472761
  1.22371859   0.59170384   0.03405611
  1.23623116   0.57044047   0.03338356
  1.24874372   0.53114568   0.03271075
  1.26125628   0.54826311   0.03203849
  1.27376884   0.48737163   0.03136753
  1.28628141   0.51749850   0.03069860
  1.29879397   0.51177485   0.03003242
  1.31130653   0.50566889   0.02936967
  1.32381910   0.50899578   0.02871101
  1.33633166   0.43666256   0.02805706
  1.34884422   0.42331116   0.02740844
  1.36135678   0.49766600   0.02676570
  1.37386935   0.50163639   0.02612940
  1.38638191   0.44173605   0.02550005
  1.39889447   0.39182023   0.02487814
  1.41140704   0.40798123   0.02426413
  1.42391960   0.38612148   0.02365843
  1.43643216   0.32193425   0.02306147
  1.44894472   0.35941066   0.02247360
  1.46145729   0.34361618   0.02189517
  1.47396985   0.34460072   0.02132649
  1.48648241   0.32565672   0.02076786
  1.49899497   0.24195778   0.02021954
  1.51150754   0.27975294   0.01968175
  1.52402010   0.26336891   0.01915472
  1.53653266   0.26639157   0.01863862
  1.54904523   0.23738352   0.01813361
  1.56155779   0.25650101   0.01763983
  1.57407035   0.23569301   0.01715738
  1.58658291   0.25192613   0.01668636
  1.59909548   0.22159144   0.01622682
  1.61160804   0.23321006   0.01577883
  1.62412060   0.19392866   0.01534239
  1.63663317   0.17822463   0.01491751
  1.64914573   0.18405429   0.01450419
  1.66165829   0.19906784   0.01410238
  1.67417085   0.19838183   0.01371205
  1.68668342   0.16689384   0.01333311
  1.69919598   0.18790189   0.01296550
  1.71170854   0.15903321   0.01260911
  1.72422111   0.15516676   0.01226385
  1.73673367   0.14351438   0.01192957
  1.74924623   0.13406179   0.01160616
  1.76175879   0.13721478   0.01129347
  1.77427136   0.13451917   0.01099133
  1.78678392   0.12016349   0.01069960
  1.79929648   0.08871956   0.01041808
  1.81180905   0.13319570   0.01014660
  1.82432161   0.09662477   0.00988498
  1.83683417   0.11957063   0.00963301
  1.84934673   0.10574285   0.00939050
  1.86185930   0.06703013   0.00915724
  1.87437186   0.08700284   0.00893301
  1.88688442   0.08492979   0.00871761
  1.89939698   0.08534637   0.00851082
  1.91190955   0.07956059   0.00831241
  1.92442211   0.07552311   0.00812217
  1.93693467   0.06949508   0.00793988
  1.94944724   0.06687151   0.00776531
  1.96195980   0.07308192   0.00759823
  1.97447236   0.06098554   0.00743843
  1.98698492   0.05281360   0.00728567
  1.99949749   0.05125357   0.00713975
  2.01201005   0.05282033   0.00700044
  2.02452261   0.04548204   0.00686751
  2.03703518   0.03786092   0.00674076
  2.04954774   0.03389471   0.00661997
  2.06206030   0.04042876   0.00650493
  2.07457286   0.04254919   0.00639543
  2.08708543   0.04243256   0.00629127
  2.09959799   0.03781594   0.00619224
  2.11211055   0.02589201   0.00609816
  2.12462312   0.03349150   0.00600882
  2.13713568   0.02092458   0.00592404
  2.14964824   0.02453186   0.00584363
  2.16216080   0.01593260   0.00576741
  2.17467337   0.02987111   0.00569521
  2.18718593   0.02346208   0.00562686
  2.19969849   0.02479172   0.00556218
  2.21221106   0.01771170   0.00550102
  2.22472362   0.01890764   0.00544322
  2.23723618   0.01034728   0.00538863
  2.24974874   0.00816608   0.00533709
  2.26226131   0.00870034   0.00528847
  2.27477387   0.02269773   0.00524263
  2.28728643   0.01428403   0.00519944
  2.29979899   0.00992063   0.00515876
  2.31231156   0.00822015   0.00512046
  2.32482412   0.00468876   0.00508445
  2.33733668   0.01597097   0.00505058
  2.34984925   0.01368395   0.00501877
  2.36236181   0.01042509   0.00498889
  2.37487437   0.00981801   0.00496085
  2.38738693   0.01347883   0.00493455
  2.39989950   0.01215301   0.00490990
  2.41241206   0.01326869   0.00488680
  2.42492462   0.00082554   0.00486517
  2.43743719   0.00219453   0.00484493
  2.44994975   0.01072065   0.00482600
  2.46246231   0.00981126   0.00480831
  2.47497487   0.00946444   0.00479178
  2.48748744   0.00456300   0.00477634
  2.50000000   0.00484577   0.00476194
