  0.10000000   1.41404706   0.07928045
  0.10447236   1.44341174   0.08212937
  0.10894472   1.35665499   0.08490309
  0.11341709   1.58254199   0.08759919
  0.11788945   1.80592449   0.09021555
  0.12236181   1.69721151   0.09275035
  0.12683417   1.75046460   0.09520204
  0.13130653   1.68934756   0.09756933
  0.13577889   1.95976116   0.09985115
  0.14025126   1.72459892   0.10204664
  0.14472362   2.03291428   0.10415513
  0.14919598   1.92624246   0.10617614
  0.15366834   2.04475294   0.10810935
  0.15814070   1.82630380   0.10995460
  0.16261307   2.01493867   0.11171186
  0.16708543   1.94650821   0.11338124
  0.17155779   2.07009759   0.11496298
  0.17603015   2.05490945   0.11645743
  0.18050251   2.29607745   0.11786504
  0.18497487   2.22226517   0.11918636
  0.18944724   2.49044848   0.12042204
  0.19391960   2.34802099   0.12157281
  0.19839196   2.25814914   0.12263948
  0.20286432   2.24968584   0.12362293
  0.20733668   1.99375094   0.12452413
  0.21180905   2.41534894   0.12534408
  0.21628141   2.26811671   0.12608386
  0.22075377   2.28092497   0.12674459
  0.22522613   2.34747765   0.12732747
  0.22969849   2.32275980   0.12783372
  0.23417085   2.41416363   0.12826459
  0.23864322   1.98150564   0.12862142
  0.24311558   2.22448176   0.12890553
  0.24758794   2.29569807   0.12911831
  0.25206030   2.51025591   0.12926116
  0.25653266   2.41518831   0.12933551
  0.26100503   2.61765884   0.12934283
  0.26547739   2.15274810   0.12928460
  0.26994975   2.39929389   0.12916232
  0.27442211   2.30064533   0.12897750
  0.27889447   2.04513689   0.12873167
  0.28336683   2.37273081   0.12842639
  0.28783920   2.52554079   0.12806320
  0.29231156   2.23352606   0.12764368
  0.29678392   2.32412744   0.12716939
  0.30125628   2.24305508   0.12664191
  0.30572864   2.38168643   0.12606283
  0.31020101   2.52845203   0.12543372
  0.31467337   2.07233685   0.12475618
  0.31914573   2.32958946   0.12403178
  0.32361809   2.14960865   0.12326211
  0.32809045   2.37528286   0.12244875
  0.33256281   2.44304823   0.12159327
  0.33703518   2.14474696   0.12069724
  0.34150754   1.87744537   0.11976222
  0.34597990   2.05958257   0.11878977
  0.35045226   2.33820693   0.11778143
  0.35492462   2.06126567   0.11673873
  0.35939698   2.09104364   0.11566320
  0.36386935   2.03193355   0.11455635
  0.36834171   2.06607642   0.11341968
  0.37281407   1.89193674   0.11225467
  0.37728643   2.04271702   0.11106280
  0.38175879   2.04674504   0.10984552
  0.38623116   1.81800676   0.10860427
  0.39070352   1.91183303   0.10734047
  0.39517588   1.86053119   0.10605554
  0.39964824   1.79786409   0.10475086
  0.40412060   2.07282570   0.10342780
  0.40859296   1.78360371   0.10208771
  0.41306533   1.70862698   0.10073193
  0.41753769   1.82776363   0.09936177
  0.42201005   1.65201675   0.09797851
  0.42648241   1.59181479   0.09658344
  0.43095477   1.76035948   0.09517780
  0.43542714   1.75855944   0.09376281
  0.43989950   1.64551256   0.09233970
  0.44437186   1.56258104   0.09090963
  0.44884422   1.53035736   0.08947377
  0.45331658   1.46472593   0.08803326
  0.45778894   1.53527497   0.08658921
  0.46226131   1.53093519   0.08514272
  0.46673367   1.54456074   0.08369485
  0.47120603   1.23464966   0.08224665
  0.47567839   1.21556442   0.08079913
  0.48015075   1.30293271   0.07935330
  0.48462312   1.33774946   0.07791012
  0.48909548   1.20816507   0.07647053
  0.49356784   1.22830738   0.07503546
  0.49804020   1.29771672   0.07360581
  0.50251256   1.23346373   0.07218244
  0.50698492   1.13536763   0.07076621
  0.51145729   1.11925862   0.06935793
  0.51592965   1.14884708   0.06795839
  0.52040201   1.26134996   0.06656838
  0.52487437   1.13921634   0.06518862
  0.52934673   1.09733978   0.06381986
  0.53381910   1.03420000   0.06246276
  0.53829146   0.93019243   0.06111802
  0.54276382   0.89537459   0.05978627
  0.54723618   0.84345706   0.05846812
  0.55170854   0.83565930   0.05716418
  0.55618090   0.93634046   0.05587501
  0.56065327   0.85459566   0.05460116
  0.56512563   0.84764950   0.05334314
  0.56959799   0.78221998   0.05210145
  0.57407035   0.73762844   0.05087656
  0.57854271   0.74993544   0.04966891
  0.58301508   0.72060991   0.04847893
  0.58748744   0.71414534   0.04730700
  0.59195980   0.68167603   0.04615351
  0.59643216   0.65528018   0.04501880
  0.60090452   0.68556911   0.04390320
  0.60537688   0.62419713   0.04280701
  0.60984925   0.57729817   0.04173050
  0.61432161   0.53239205   0.04067394
  0.61879397   0.59271651   0.03963755
  0.62326633   0.56074519   0.03862154
  0.62773869   0.42195507   0.03762611
  0.63221106   0.50004695   0.03665142
  0.63668342   0.46470175   0.03569761
  0.64115578   0.46952914   0.03476481
  0.64562814   0.46031667   0.03385312
  0.65010050   0.39846918   0.03296261
  0.65457286   0.39473920   0.03209335
  0.65904523   0.33255286   0.03124538
  0.66351759   0.37834485   0.03041872
  0.66798995   0.33826386   0.02961337
  0.67246231   0.37540849   0.02882931
  0.67693467   0.34021608   0.02806650
  0.68140704   0.27926021   0.02732488
  0.68587940   0.26377214   0.02660439
  0.69035176   0.29930883   0.02590492
  0.69482412   0.22516617   0.02522637
  0.69929648   0.25729666   0.02456862
  0.70376884   0.22501595   0.02393151
  0.70824121   0.28318979   0.02331490
  0.71271357   0.21703257   0.02271860
  0.71718593   0.23288800   0.02214242
  0.72165829   0.18257153   0.02158616
  0.72613065   0.17204711   0.02104959
  0.73060302   0.16354020   0.02053249
  0.73507538   0.17112579   0.02003461
  0.73954774   0.11790029   0.01955567
  0.74402010   0.12133420   0.01909542
  0.74849246   0.15216058   0.01865356
  0.75296482   0.10950797   0.01822979
  0.75743719   0.11754757   0.01782381
  0.76190955   0.10882798   0.01743530
  0.76638191   0.11486595   0.01706392
  0.77085427   0.08160801   0.01670933
  0.77532663   0.10356846   0.01637119
  0.77979899   0.06779783   0.01604914
  0.78427136   0.05782453   0.01574281
  0.78874372   0.07256374   0.01545182
  0.79321608   0.06025979   0.01517580
  0.79768844   0.04794318   0.01491435
  0.80216080   0.06184159   0.01466708
  0.80663317   0.04580365   0.01443360
  0.81110553   0.06353998   0.01421349
  0.81557789   0.04172915   0.01400635
  0.82005025   0.04933684   0.01381176
  0.82452261   0.06282341   0.01362931
  0.82899497   0.00819411   0.01345857
  0.83346734   0.01464859   0.01329914
  0.83793970   0.04483261   0.01315057
  0.84241206   0.00974079   0.01301245
  0.84688442   0.02163387   0.01288436
  0.85135678   0.02316200   0.01276586
  0.85582915   0.02862952   0.01265654
  0.86030151  -0.00428638   0.01255598
  0.86477387   0.01071966   0.01246375
  0.86924623   0.00256794   0.01237944
  0.87371859   0.01468130   0.01230263
  0.87819095   0.00758056   0.01223292
  0.88266332   0.01338444   0.01216990
  0.88713568   0.01639717   0.01211316
  0.89160804   0.00698295   0.01206232
  0.89608040  -0.00430816   0.01201699
  0.90055276   0.01822650   0.01197679
  0.90502513  -0.01626218   0.01194135
  0.90949749   0.00811720   0.01191030
  0.91396985   0.00779663   0.01188329
  0.91844221   0.00674834   0.01185997
  0.92291457   0.00168536   0.01184002
  0.92738693  -0.00285407   0.01182311
  0.93185930   0.00042095   0.01180893
  0.93633166  -0.00877976   0.01179718
  0.94080402   0.00147146   0.01178758
  0.94527638   0.01030240   0.01177987
  0.94974874  -0.00850459   0.01177378
  0.95422111   0.01412767   0.01176907
  0.95869347  -0.00402507   0.01176553
  0.96316583  -0.02045464   0.01176295
  0.96763819  -0.00290135   0.01176115
  0.97211055   0.01735142   0.01175994
  0.97658291   0.02632490   0.01175919
  0.98105528  -0.00304356   0.01175876
  0.98552764   0.01401305   0.01175855
  0.99000000  -0.01032710   0.01175846
