  0.10000000   0.00411224   0.00097088
  0.17487437   0.00625279   0.00121640
  0.24974874   0.01423044   0.00150333
  0.32462312   0.02079266   0.00181641
  0.39949749   0.02621625   0.00214580
  0.47437186   0.03516479   0.00248455
  0.54924623   0.03722019   0.00282744
  0.62412060   0.04456697   0.00317046
  0.69899497   0.05104373   0.00351046
  0.77386935   0.05886660   0.00384497
  0.84874372   0.07281894   0.00417199
  0.92361809   0.07637575   0.00448996
  0.99849246   0.08620165   0.00479764
  1.07336683   0.07764941   0.00509405
  1.14824121   0.09279097   0.00537844
  1.22311558   0.10777293   0.00565025
  1.29798995   0.10549329   0.00590907
  1.37286432   0.11390810   0.00615465
  1.44773869   0.10200482   0.00638681
  1.52261307   0.11939896   0.00660549
  1.59748744   0.12936591   0.00681071
  1.67236181   0.13255579   0.00700256
  1.74723618   0.12871555   0.00718118
  1.82211055   0.12983327   0.00734677
  1.89698492   0.13851684   0.00749955
  1.97185930   0.13843556   0.00763980
  2.04673367   0.15342839   0.00776782
  2.12160804   0.14315795   0.00788392
  2.19648241   0.13611268   0.00798843
  2.27135678   0.14307541   0.00808173
  2.34623116   0.14604497   0.00816416
  2.42110553   0.15532795   0.00823610
  2.49597990   0.15090904   0.00829793
  2.57085427   0.15524756   0.00835004
  2.64572864   0.17417183   0.00839279
  2.72060302   0.16255914   0.00842658
  2.79547739   0.16020208   0.00845178
  2.87035176   0.16580285   0.00846878
  2.94522613   0.16764672   0.00847794
  3.02010050   0.15978523   0.00847963
  3.09497487   0.14742959   0.00847422
  3.16984925   0.14792977   0.00846205
  3.24472362   0.15701574   0.00844348
  3.31959799   0.16004539   0.00841883
  3.39447236   0.14840320   0.00838845
  3.46934673   0.14916061   0.00835266
  3.54422111   0.15284664   0.00831176
  3.61909548   0.14793215   0.00826606
  3.69396985   0.14267567   0.00821585
  3.76884422   0.14777188   0.00816143
  3.84371859   0.13052001   0.00810306
  3.91859296   0.16289642   0.00804101
  3.99346734   0.14049897   0.00797554
  4.06834171   0.15100799   0.00790689
  4.14321608   0.13221861   0.00783531
  4.21809045   0.13768275   0.00776102
  4.29296482   0.14441149   0.00768424
  4.36783920   0.12919728   0.00760518
  4.44271357   0.13394434   0.00752406
  4.51758794   0.13336885   0.00744105
  4.59246231   0.13381012   0.00735634
  4.66733668   0.12830179   0.00727013
  4.74221106   0.12557638   0.00718256
  4.81708543   0.12292221   0.00709381
  4.89195980   0.12368783   0.00700403
  4.96683417   0.11901752   0.00691336
  5.04170854   0.10791217   0.00682195
  5.11658291   0.12601211   0.00672993
  5.19145729   0.12040124   0.00663742
  5.26633166   0.12387805   0.00654454
  5.34120603   0.11216837   0.00645142
  5.41608040   0.11460796   0.00635814
  5.49095477   0.10275602   0.00626483
  5.56582915   0.10278906   0.00617156
  5.64070352   0.10391479   0.00607844
  5.71557789   0.10948600   0.00598555
  5.79045226   0.09880051   0.00589296
  5.86532663   0.09939317   0.00580076
  5.94020101   0.10284073   0.00570900
  6.01507538   0.10292367   0.00561777
  6.08994975   0.09583592   0.00552711
  6.16482412   0.09226787   0.00543710
  6.23969849   0.09112675   0.00534777
  6.31457286   0.08704817   0.00525918
  6.38944724   0.08282715   0.00517138
  6.46432161   0.09034235   0.00508441
  6.53919598   0.06994615   0.00499831
  6.61407035   0.08313725   0.00491311
  6.68894472   0.08496469   0.00482885
  6.76381910   0.07797423   0.00474556
  6.83869347   0.07326721   0.00466325
  6.91356784   0.07481872   0.00458197
  6.98844221   0.07611755   0.00450173
  7.06331658   0.07877068   0.00442255
  7.13819095   0.07080509   0.00434445
  7.21306533   0.07155054   0.00426744
  7.28793970   0.07505546   0.00419154
  7.36281407   0.06647207   0.00411675
  7.43768844   0.06179937   0.00404309
  7.51256281   0.06149369   0.00397057
  7.58743719   0.06649200   0.00389919
  7.66231156   0.05683695   0.00382895
  7.73718593   0.06222766   0.00375987
  7.81206030   0.05236847   0.00369193
  7.88693467   0.05995260   0.00362515
  7.96180905   0.05577791   0.00355951
  8.03668342   0.05340850   0.00349502
  8.11155779   0.04973487   0.00343168
  8.18643216   0.05207343   0.00336948
  8.26130653   0.04605638   0.00330841
  8.33618090   0.05017465   0.00324847
  8.41105528   0.04582244   0.00318966
  8.48592965   0.04207012   0.00313196
  8.56080402   0.04889436   0.00307537
  8.63567839   0.04896930   0.00301988
  8.71055276   0.03986884   0.00296547
  8.78542714   0.04389627   0.00291215
  8.86030151   0.04072126   0.00285989
  8.93517588   0.03621206   0.00280869
  9.01005025   0.03615166   0.00275854
  9.08492462   0.04065015   0.00270941
  9.15979899   0.04381978   0.00266131
  9.23467337   0.03490741   0.00261422
  9.30954774   0.03359511   0.00256813
  9.38442211   0.03607607   0.00252302
  9.45929648   0.04108864   0.00247887
  9.53417085   0.03321969   0.00243568
  9.60904523   0.02932223   0.00239344
  9.68391960   0.03282770   0.00235212
  9.75879397   0.02462164   0.00231172
  9.83366834   0.03180039   0.00227221
  9.90854271   0.02483894   0.00223359
  9.98341709   0.02740878   0.00219585
 10.05829146   0.02660682   0.00215896
 10.13316583   0.02690194   0.00212291
 10.20804020   0.02908306   0.00208769
 10.28291457   0.02867752   0.00205329
 10.35778894   0.02219258   0.00201968
 10.43266332   0.02168758   0.00198686
 10.50753769   0.02302342   0.00195481
 10.58241206   0.02011259   0.00192352
 10.65728643   0.02252755   0.00189297
 10.73216080   0.01789903   0.00186315
 10.80703518   0.02046652   0.00183404
 10.88190955   0.02133578   0.00180564
 10.95678392   0.01713942   0.00177792
 11.03165829   0.02000059   0.00175088
 11.10653266   0.01932633   0.00172449
 11.18140704   0.01693306   0.00169876
 11.25628141   0.01656885   0.00167365
 11.33115578   0.01797870   0.00164917
 11.40603015   0.01601626   0.00162530
 11.48090452   0.01696983   0.00160202
 11.55577889   0.01533373   0.00157932
 11.63065327   0.01448444   0.00155720
 11.70552764   0.01329314   0.00153563
 11.78040201   0.01756500   0.00151461
 11.85527638   0.01454758   0.00149412
 11.93015075   0.01517891   0.00147416
 12.00502513   0.01288803   0.00145470
 12.07989950   0.01431207   0.00143575
 12.15477387   0.01341517   0.00141728
 12.22964824   0.01335009   0.00139929
 12.30452261   0.01115782   0.00138177
 12.37939698   0.01328329   0.00136470
 12.45427136   0.01139664   0.00134807
 12.52914573   0.01047584   0.00133189
 12.60402010   0.00951467   0.00131612
 12.67889447   0.01128450   0.00130078
 12.75376884   0.01008040   0.00128583
 12.82864322   0.00870874   0.00127129
 12.90351759   0.01031271   0.00125712
 12.97839196   0.01032188   0.00124334
 13.05326633   0.00758457   0.00122992
 13.12814070   0.01021562   0.00121686
 13.20301508   0.00753968   0.00120416
 13.27788945   0.00835559   0.00119179
 13.35276382   0.00878044   0.00117976
 13.42763819   0.00778077   0.00116805
 13.50251256   0.00611292   0.00115666
 13.57738693   0.00840918   0.00114558
 13.65226131   0.00807874   0.00113480
 13.72713568   0.00783317   0.00112432
 13.80201005   0.00592369   0.00111412
 13.87688442   0.00684758   0.00110420
 13.95175879   0.00581736   0.00109456
 14.02663317   0.00592221   0.00108518
 14.10150754   0.00589880   0.00107605
 14.17638191   0.00796482   0.00106718
 14.25125628   0.00604277   0.00105856
 14.32613065   0.00663412   0.00105018
 14.40100503   0.00641827   0.00104203
 14.47587940   0.00605332   0.00103410
 14.55075377   0.00527818   0.00102640
 14.62562814   0.00345555   0.00101891
 14.70050251   0.00460599   0.00101164
 14.77537688   0.00544266   0.00100456
 14.85025126   0.00420945   0.00099769
 14.92512563   0.00404033   0.00099101
 15.00000000   0.00235857   0.00098452
