  0.10000000   1.52916139   0.08264483
  0.10447236   1.50129986   0.08292786
  0.10894472   1.50276897   0.08318238
  0.11341709   1.43885954   0.08341030
  0.11788945   1.33509300   0.08361334
  0.12236181   1.34310727   0.08379304
  0.12683417   1.53454760   0.08395080
  0.13130653   1.44613087   0.08408787
  0.13577889   1.55150011   0.08420538
  0.14025126   1.44206273   0.08430439
  0.14472362   1.63320487   0.08438584
  0.14919598   1.52451369   0.08445061
  0.15366834   1.44739240   0.08449950
  0.15814070   1.41919523   0.08453325
  0.16261307   1.49950364   0.08455255
  0.16708543   1.46522419   0.08455802
  0.17155779   1.58493895   0.08455025
  0.17603015   1.58069786   0.08452980
  0.18050251   1.45961617   0.08449717
  0.18497487   1.69918187   0.08445284
  0.18944724   1.37277880   0.08439725
  0.19391960   1.48807633   0.08433082
  0.19839196   1.39702822   0.08425395
  0.20286432   1.75727918   0.08416699
  0.20733668   1.36385164   0.08407031
  0.21180905   1.42433822   0.08396421
  0.21628141   1.44022051   0.08384902
  0.22075377   1.56228763   0.08372502
  0.22522613   1.57269312   0.08359249
  0.22969849   1.69258734   0.08345169
  0.23417085   1.52697220   0.08330286
  0.23864322   1.57353420   0.08314625
  0.24311558   1.45481165   0.08298208
  0.24758794   1.45472383   0.08281055
  0.25206030   1.35741367   0.08263188
  0.25653266   1.53954489   0.08244624
  0.26100503   1.55515992   0.08225384
  0.26547739   1.36831451   0.08205484
  0.26994975   1.50583615   0.08184941
  0.27442211   1.49158634   0.08163771
  0.27889447   1.33341150   0.08141989
  0.28336683   1.48726466   0.08119611
  0.28783920   1.50437877   0.08096651
  0.29231156   1.32622284   0.08073121
  0.29678392   1.48807477   0.08049035
  0.30125628   1.40908761   0.08024405
  0.30572864   1.37219517   0.07999244
  0.31020101   1.51033329   0.07973562
  0.31467337   1.40521590   0.07947372
  0.31914573   1.34702941   0.07920683
  0.32361809   1.34340429   0.07893506
  0.32809045   1.60548860   0.07865851
  0.33256281   1.30490064   0.07837727
  0.33703518   1.61257339   0.07809144
  0.34150754   1.44098689   0.07780110
  0.34597990   1.32009283   0.07750635
  0.35045226   1.44201886   0.07720726
  0.35492462   1.44758294   0.07690391
  0.35939698   1.30188310   0.07659639
  0.36386935   1.42105452   0.07628476
  0.36834171   1.36455464   0.07596910
  0.37281407   1.38999335   0.07564949
  0.37728643   1.36712692   0.07532599
  0.38175879   1.29973656   0.07499866
  0.38623116   1.20758657   0.07466757
  0.39070352   1.35940434   0.07433278
  0.39517588   1.33573629   0.07399436
  0.39964824   1.25468174   0.07365236
  0.40412060   1.30864946   0.07330683
  0.40859296   1.27568269   0.07295784
  0.41306533   1.24509712   0.07260544
  0.41753769   1.36860592   0.07224968
  0.42201005   1.28700398   0.07189060
  0.42648241   1.29881141   0.07152827
  0.43095477   1.29203770   0.07116273
  0.43542714   1.37555982   0.07079402
  0.43989950   1.27724217   0.07042219
  0.44437186   1.34642411   0.07004729
  0.44884422   1.36670411   0.06966935
  0.45331658   1.22994532   0.06928843
  0.45778894   1.32965882   0.06890456
  0.46226131   1.25809447   0.06851778
  0.46673367   1.22361730   0.06812813
  0.47120603   1.13623682   0.06773565
  0.47567839   1.31500426   0.06734038
  0.48015075   1.23849390   0.06694235
  0.48462312   1.19820288   0.06654159
  0.48909548   1.24958506   0.06613815
  0.49356784   1.20462766   0.06573206
  0.49804020   1.09933878   0.06532335
  0.50251256   1.18281942   0.06491204
  0.50698492   1.15841316   0.06449818
  0.51145729   1.15900395   0.06408180
  0.51592965   1.14617673   0.06366292
  0.52040201   1.07419379   0.06324157
  0.52487437   1.17243815   0.06281779
  0.52934673   1.16887077   0.06239159
  0.53381910   0.99901274   0.06196302
  0.53829146   1.08861421   0.06153209
  0.54276382   1.11383042   0.06109883
  0.54723618   1.16144893   0.06066327
  0.55170854   1.09473888   0.06022543
  0.55618090   0.91716830   0.05978534
  0.56065327   1.09278237   0.05934302
  0.56512563   1.04506450   0.05889850
  0.56959799   1.09130246   0.05845180
  0.57407035   1.00430530   0.05800294
  0.57854271   0.97657281   0.05755195
  0.58301508   0.93129074   0.05709884
  0.58748744   0.94200544   0.05664364
  0.59195980   0.89709422   0.05618638
  0.59643216   0.88505371   0.05572706
  0.60090452   0.90921487   0.05526571
  0.60537688   0.93706617   0.05480236
  0.60984925   0.89942422   0.05433701
  0.61432161   0.96141371   0.05386969
  0.61879397   0.97117545   0.05340043
  0.62326633   0.86677766   0.05292923
  0.62773869   0.82838984   0.05245611
  0.63221106   0.83380161   0.05198110
  0.63668342   0.87099050   0.05150422
  0.64115578   0.93665102   0.05102547
  0.64562814   0.85040480   0.05054487
  0.65010050   0.82145051   0.05006245
  0.65457286   0.86556047   0.04957821
  0.65904523   0.76049255   0.04909218
  0.66351759   0.89890394   0.04860438
  0.66798995   0.81685374   0.04811480
  0.67246231   0.83554191   0.04762348
  0.67693467   0.77682263   0.04713043
  0.68140704   0.94841095   0.04663566
  0.68587940   0.72100263   0.04613918
  0.69035176   0.77898294   0.04564101
  0.69482412   0.61514106   0.04514117
  0.69929648   0.82617155   0.04463967
  0.70376884   0.66068353   0.04413652
  0.70824121   0.70543378   0.04363173
  0.71271357   0.68242961   0.04312532
  0.71718593   0.71371858   0.04261731
  0.72165829   0.65433516   0.04210770
  0.72613065   0.69328124   0.04159651
  0.73060302   0.64813411   0.04108375
  0.73507538   0.62875968   0.04056943
  0.73954774   0.57750944   0.04005356
  0.74402010   0.62823649   0.03953616
  0.74849246   0.70516321   0.03901724
  0.75296482   0.65173874   0.03849681
  0.75743719   0.60930783   0.03797488
  0.76190955   0.59868483   0.03745146
  0.76638191   0.59922473   0.03692656
  0.77085427   0.58802579   0.03640020
  0.77532663   0.49442401   0.03587238
  0.77979899   0.52342888   0.03534312
  0.78427136   0.66387703   0.03481242
  0.78874372   0.51041248   0.03428030
  0.79321608   0.54402005   0.03374677
  0.79768844   0.46706887   0.03321183
  0.80216080   0.50512777   0.03267550
  0.80663317   0.52680778   0.03213778
  0.81110553   0.46167013   0.03159869
  0.81557789   0.43938752   0.03105824
  0.82005025   0.46596305   0.03051643
  0.82452261   0.41761183   0.02997327
  0.82899497   0.39943137   0.02942878
  0.83346734   0.41299659   0.02888295
  0.83793970   0.39468438   0.02833581
  0.84241206   0.42307351   0.02778736
  0.84688442   0.36707984   0.02723760
  0.85135678   0.41789006   0.02668656
  0.85582915   0.32107543   0.02613422
  0.86030151   0.35810150   0.02558061
  0.86477387   0.37168422   0.02502573
  0.86924623   0.32852616   0.02446959
  0.87371859   0.30968472   0.02391220
  0.87819095   0.27820865   0.02335357
  0.88266332   0.28879209   0.02279369
  0.88713568   0.33696707   0.02223259
  0.89160804   0.26554929   0.02167027
  0.89608040   0.27799732   0.02110673
  0.90055276   0.24163878   0.02054199
  0.90502513   0.27297347   0.01997604
  0.90949749   0.22676997   0.01940891
  0.91396985   0.22130852   0.01884059
  0.91844221   0.22265010   0.01827109
  0.92291457   0.19346234   0.01770042
  0.92738693   0.16496377   0.01712859
  0.93185930   0.19126174   0.01655560
  0.93633166   0.15462533   0.01598146
  0.94080402   0.16285802   0.01540618
  0.94527638   0.16775630   0.01482976
  0.94974874   0.13197101   0.01425221
  0.95422111   0.12506375   0.01367354
  0.95869347   0.11386522   0.01309375
  0.96316583   0.09152043   0.01251284
  0.96763819   0.07847692   0.01193084
  0.97211055   0.05780749   0.01134773
  0.97658291   0.06062992   0.01076353
  0.98105528   0.04702979   0.01017825
  0.98552764   0.04255710   0.00959188
  0.99000000   0.02123892   0.00900444
