  1.00000000   0.32342560   0.01765699
  1.02010050   0.33730312   0.01796487
  1.04020101   0.34099664   0.01827899
  1.06030151   0.30801519   0.01859949
  1.08040201   0.33703356   0.01892650
  1.10050251   0.35287637   0.01926015
  1.12060302   0.32108426   0.01960057
  1.14070352   0.35310839   0.01994791
  1.16080402   0.37165929   0.02030230
  1.18090452   0.33678413   0.02066388
  1.20100503   0.35073811   0.02103280
  1.22110553   0.39496998   0.02140922
  1.24120603   0.38585305   0.02179328
  1.26130653   0.40546395   0.02218513
  1.28140704   0.43263639   0.02258495
  1.30150754   0.42106645   0.02299288
  1.32160804   0.39988273   0.02340909
  1.34170854   0.44472344   0.02383375
  1.36180905   0.43141631   0.02426704
  1.38190955   0.42413956   0.02470912
  1.40201005   0.50601606   0.02516018
  1.42211055   0.46458688   0.02562039
  1.44221106   0.44747058   0.02608995
  1.46231156   0.49839744   0.02656905
  1.48241206   0.53679501   0.02705787
  1.50251256   0.51502927   0.02743099
  1.52261307   0.51010291   0.02693474
  1.54271357   0.48187670   0.02644837
  1.56281407   0.46544048   0.02597168
  1.58291457   0.48242692   0.02550447
  1.60301508   0.44617865   0.02504656
  1.62311558   0.44393724   0.02459776
  1.64321608   0.42056101   0.02415790
  1.66331658   0.40839679   0.02372678
  1.68341709   0.40995587   0.02330425
  1.70351759   0.38072654   0.02289012
  1.72361809   0.40539934   0.02248424
  1.74371859   0.39411686   0.02208643
  1.76381910   0.38316653   0.02169654
  1.78391960   0.32850770   0.02131441
  1.80402010   0.35822742   0.02093988
  1.82412060   0.36670913   0.02057280
  1.84422111   0.36184868   0.02021303
  1.86432161   0.35089279   0.01986042
  1.88442211   0.33969441   0.01951483
  1.90452261   0.30290240   0.01917611
  1.92462312   0.33340329   0.01884413
  1.94472362   0.31807225   0.01851876
  1.96482412   0.32295318   0.01819987
  1.98492462   0.31858185   0.01788732
  2.00502513   0.30023270   0.01758099
  2.02512563   0.30136182   0.01728075
  2.04522613   0.28416243   0.01698649
  2.06532663   0.27870298   0.01669809
  2.08542714   0.27215714   0.01641543
  2.10552764   0.25750732   0.01613839
  2.12562814   0.27116877   0.01586686
  2.14572864   0.28141092   0.01560074
  2.16582915   0.24804903   0.01533991
  2.18592965   0.24424558   0.01508427
  2.20603015   0.25752267   0.01483372
  2.22613065   0.24246485   0.01458816
  2.24623116   0.25918856   0.01434748
  2.26633166   0.20835277   0.01411159
  2.28643216   0.21338472   0.01388040
  2.30653266   0.21277409   0.01365381
  2.32663317   0.24799308   0.01343172
  2.34673367   0.22010999   0.01321406
  2.36683417   0.20437072   0.01300073
  2.38693467   0.20634194   0.01279164
  2.40703518   0.19788645   0.01258671
  2.42713568   0.20995419   0.01238586
  2.44723618   0.19412869   0.01218901
  2.46733668   0.19985935   0.01199608
  2.48743719   0.19455763   0.01180698
  2.50753769   0.17987071   0.01162165
  2.52763819   0.17762496   0.01144000
  2.54773869   0.17680584   0.01126198
  2.56783920   0.16301180   0.01108749
  2.58793970   0.16585016   0.01091647
  2.60804020   0.16414110   0.01074886
  2.62814070   0.15098639   0.01058459
  2.64824121   0.16836958   0.01042358
  2.66834171   0.14382305   0.01026578
  2.68844221   0.14516178   0.01011112
  2.70854271   0.13766840   0.00995953
  2.72864322   0.15679768   0.00981096
  2.74874372   0.13685623   0.00966535
  2.76884422   0.12414429   0.00952264
  2.78894472   0.14541077   0.00938276
  2.80904523   0.14836992   0.00924567
  2.82914573   0.13847693   0.00911131
  2.84924623   0.13096303   0.00897962
  2.86934673   0.11952916   0.00885055
  2.88944724   0.11804384   0.00872405
  2.90954774   0.13270164   0.00860007
  2.92964824   0.12945329   0.00847855
  2.94974874   0.11223186   0.00835946
  2.96984925   0.12162502   0.00824273
  2.98994975   0.11445692   0.00812833
  3.01005025   0.10745570   0.00801620
  3.03015075   0.10167323   0.00790630
  3.05025126   0.10833448   0.00779859
  3.07035176   0.08999322   0.00769303
  3.09045226   0.08997793   0.00758956
  3.11055276   0.11498219   0.00748816
  3.13065327   0.09736895   0.00738877
  3.15075377   0.11512092   0.00729136
  3.17085427   0.09229228   0.00719588
  3.19095477   0.09340238   0.00710231
  3.21105528   0.09680975   0.00701060
  3.23115578   0.08730410   0.00692072
  3.25125628   0.08321327   0.00683262
  3.27135678   0.09471143   0.00674628
  3.29145729   0.07756210   0.00666165
  3.31155779   0.08701228   0.00657871
  3.33165829   0.07675608   0.00649742
  3.35175879   0.08325212   0.00641775
  3.37185930   0.08229407   0.00633966
  3.39195980   0.07019024   0.00626313
  3.41206030   0.07718604   0.00618812
  3.43216080   0.07873290   0.00611460
  3.45226131   0.06461945   0.00604254
  3.47236181   0.07172645   0.00597192
  3.49246231   0.06796249   0.00590271
  3.51256281   0.05965977   0.00583487
  3.53266332   0.06390622   0.00576838
  3.55276382   0.06327480   0.00570322
  3.57286432   0.05680178   0.00563935
  3.59296482   0.05076233   0.00557675
  3.61306533   0.05541727   0.00551540
  3.63316583   0.05920040   0.00545527
  3.65326633   0.04875162   0.00539633
  3.67336683   0.06363995   0.00533857
  3.69346734   0.05259322   0.00528196
  3.71356784   0.04386792   0.00522648
  3.73366834   0.05414099   0.00517209
  3.75376884   0.06011616   0.00511879
  3.77386935   0.05172514   0.00506656
  3.79396985   0.05124501   0.00501536
  3.81407035   0.04929557   0.00496518
  3.83417085   0.04929869   0.00491600
  3.85427136   0.05177555   0.00486779
  3.87437186   0.04741523   0.00482055
  3.89447236   0.04921637   0.00477425
  3.91457286   0.04710519   0.00472886
  3.93467337   0.04443096   0.00468439
  3.95477387   0.04424121   0.00464079
  3.97487437   0.03756758   0.00459807
  3.99497487   0.03694782   0.00455619
  4.01507538   0.04036945   0.00451515
  4.03517588   0.04120956   0.00447492
  4.05527638   0.03486690   0.00443550
  4.07537688   0.04163330   0.00439685
  4.09547739   0.03778260   0.00435898
  4.11557789   0.04836855   0.00432186
  4.13567839   0.03759684   0.00428548
  4.15577889   0.02956811   0.00424983
  4.17587940   0.03604083   0.00421488
  4.19597990   0.03582636   0.00418063
  4.21608040   0.03094847   0.00414706
  4.23618090   0.03337522   0.00411416
  4.25628141   0.02932351   0.00408192
  4.27638191   0.03121582   0.00405031
  4.29648241   0.03219805   0.00401934
  4.31658291   0.03465627   0.00398898
  4.33668342   0.03236329   0.00395922
  4.35678392   0.01833467   0.00393006
  4.37688442   0.02926856   0.00390147
  4.39698492   0.03079452   0.00387346
  4.41708543   0.02701432   0.00384600
  4.43718593   0.02978581   0.00381909
  4.45728643   0.02891842   0.00379272
  4.47738693   0.03038219   0.00376687
  4.49748744   0.02956387   0.00374153
  4.51758794   0.02802223   0.00371670
  4.53768844   0.01786360   0.00369237
  4.55778894   0.01986246   0.00366851
  4.57788945   0.02552596   0.00364514
  4.59798995   0.01903873   0.00362222
  4.61809045   0.01993671   0.00359977
  4.63819095   0.02413776   0.00357776
  4.65829146   0.02132044   0.00355618
  4.67839196   0.02458687   0.00353504
  4.69849246   0.01569897   0.00351432
  4.71859296   0.02168107   0.00349401
  4.73869347   0.01393095   0.00347410
  4.75879397   0.01423354   0.00345459
  4.77889447   0.01984422   0.00343547
  4.79899497   0.01798054   0.00341673
  4.81909548   0.01425146   0.00339837
  4.83919598   0.01674385   0.00338036
  4.85929648   0.01542095   0.00336272
  4.87939698   0.01403533   0.00334543
  4.89949749   0.01752249   0.00332848
  4.91959799   0.01142923   0.00331187
  4.93969849   0.01707037   0.00329559
  4.95979899   0.00907652   0.00327963
  4.97989950   0.01713187   0.00326399
  5.00000000   0.01621451   0.00324866
