  1.72513073   0.81438507 
  3.64801746   0.03220038 
  0.06295792   3.44719875 
  2.60236228   2.30645824 
  1.37018858   1.26581544 
  4.07648439   0.18491445 
  0.59655980   2.82050331 
  3.05302408   3.17131177 
  1.82905431   1.77366953 
  3.24711072   0.17461451 
  0.61969628   3.67897545 
  3.03862227   2.56172484 
  1.84823121   1.51137260 
  4.25254582   0.08582204 
 -0.06715413   3.22296073 
  2.95043616   2.84991518 
  1.70378831   1.60151827 
  4.50843147   0.38794269 
  0.47593572   3.75917204 
  3.49524158   2.82899023 
  1.45551916   1.26091829 
  3.85818768   0.30419626 
  0.10102944   3.25068562 
  3.09057304   2.55895972 
  1.46322398   1.46842449 
  3.13462029   0.70435291 
  0.10703820   3.65402852 
  2.67006442   2.54856168 
  1.93036532   1.17445312 
  3.68694044   0.05028902 
  0.32790726   3.27012346 
  2.90635034   2.48095491 
  1.64871962   1.30357239 
  3.15507782   0.35619434 
  0.38101424   3.72485013 
  2.95026427   2.76557922 
  1.34939216   1.21589155 
  3.62118245   0.31193726 
  0.05687017   3.27729052 
  3.23164283   2.95016704 
  1.72908872   1.41156849 
  3.70850272  -0.10335984 
 -0.05843882   3.57981968 
  2.14089030   2.64837365 
  1.92689223   1.37381541 
  3.43689940  -0.04019111 
  0.34222760   3.72875751 
  2.97132518   2.74434743 
  2.16589324   1.43740473 
  3.46110602  -0.13722343 
  0.54427694   3.00074441 
  3.21265129   2.13868456 
  1.92776456   1.47030514 
  3.63934139  -0.25264608 
  0.25126467   2.91390964 
  3.07484574   2.39037021 
  1.19703455   1.74343957 
  4.12786774  -0.35531220 
  0.35254980   3.22848859 
  2.53196453   2.23883292 
  1.89858229   2.14746320 
  3.50669570  -0.22282907 
  0.36509880   4.17811302 
  3.00792002   2.23831197 
  1.84389868   0.66589431 
  3.96574142  -0.54136582 
  0.09323017   3.17911393 
  2.99773402   3.02522104 
  2.13309703   1.05641051 
  3.33414354  -0.04887736 
 -0.21633625   3.35316436 
  2.38190025   2.50017870 
  1.79691618   0.96341205 
  3.80020642   0.09587113 
 -0.04465610   3.07309132 
  3.09242834   2.43260594 
  1.75546040   1.31120857 
  3.49229008  -0.33941786 
  0.77511330   3.35617879 
  3.24390520   2.46790548 
