  0.56842410   0.07438180 
  0.24065929   0.33617639 
  0.77051687  -0.03217539 
  0.03609829   0.15677128 
  0.56704476   0.03146732 
  0.23932236   0.35731805 
  0.80679967   0.03055867 
  0.01016109   0.14785377 
  0.57017536   0.03381073 
  0.25944501   0.38305106 
  0.82591281  -0.01268374 
  0.05619962   0.11785776 
  0.56450969   0.12383003 
  0.24356387   0.33016054 
  0.83892933   0.00973571 
  0.06373053   0.16169247 
  0.60204834   0.07995698 
  0.23905740   0.34717329 
  0.82631102   0.01158692 
  0.04144259   0.18298705 
  0.55927779   0.04375387 
  0.23462794   0.33862236 
  0.79137601   0.03281013 
  0.03771030   0.13765612 
