  0.70432041   0.75831228 
  0.45317920   0.08942346 
  0.20932002   0.89445561 
  0.15211687   0.83290388 
  0.52044826   1.01237694 
  0.69140525   0.80278447 
  0.45876318   0.05768414 
  0.23665310   0.92332744 
  0.14216231   0.83051542 
  0.52638593   0.99655013 
  0.69760336   0.77197367 
  0.46596588   0.03093694 
  0.23468557   0.92985921 
  0.15221557   0.84298574 
  0.55383820   1.02225362 
  0.71384455   0.76732287 
  0.41745064   0.06401346 
  0.24268169   0.89383996 
  0.14024351   0.83955285 
  0.53874341   1.01741073 
  0.66239351   0.75774180 
  0.41786212   0.05496808 
  0.23485260   0.91053008 
  0.12977120   0.81996622 
  0.52669172   0.97820775 
  0.69418652   0.71835832 
  0.45681177   0.04331969 
  0.23955676   0.92020678 
  0.16754187   0.81197817 
  0.55194601   0.97468390 
