  0.64122275   0.72884529 
  0.60106102   0.42377292 
  0.51069512   0.31848924 
  0.74185051   0.21121015 
  0.66030076   0.74128978 
  0.63415827   0.45662304 
  0.52035019   0.28184120 
  0.73142080   0.19292388 
  0.61321811   0.70396894 
  0.65170133   0.48031026 
  0.55433876   0.28746530 
  0.74372156   0.19050919 
  0.68827368   0.73026543 
  0.66652216   0.44933154 
  0.53098971   0.30250929 
  0.76572934   0.15567079 
  0.62729963   0.72788777 
  0.65701399   0.43244077 
  0.53401575   0.30877867 
  0.71799066   0.20990879 
  0.66638202   0.71887416 
  0.66094617   0.47680602 
  0.55330047   0.31351227 
  0.74726621   0.18928637 
  0.64765946   0.71183619 
  0.63279880   0.45030743 
  0.56677598   0.28434047 
  0.77422568   0.17267899 
