  0.31950867   0.86742830 
  0.36206402   0.10325043 
  0.75702593   0.36754207 
  0.24750473   0.36570737 
  0.12274989   0.14527968 
  0.93654830   0.95567411 
  0.31955988   0.87918071 
  0.37671709   0.12923340 
  0.80582285   0.38716971 
  0.25394771   0.44304251 
  0.14178105   0.12449412 
  0.98681137   0.95294294 
  0.32365378   0.91132339 
  0.36824085   0.13447461 
  0.79342824   0.35873706 
  0.18110892   0.41472371 
  0.07627456   0.15013424 
  0.97369666   0.93655278 
  0.35787745   0.90322367 
  0.35750824   0.14268439 
  0.76991909   0.41429483 
  0.27336880   0.36213314 
  0.15544543   0.15909579 
  0.96305195   0.94079114 
  0.33256635   0.87261694 
  0.34389367   0.09330379 
  0.79203385   0.42659142 
  0.26865063   0.39408709 
  0.05290317   0.13671328 
  0.92734237   0.92054615 
  0.34668002   0.91167813 
  0.38637893   0.10587749 
  0.77190267   0.38562271 
  0.23820483   0.40826369 
  0.13014042   0.13436386 
  0.95506394   0.99773576 
