  0.42878976   0.35918412 
  0.78166978   0.79602389 
  0.17174843   0.48798181 
  0.40540919   0.66799137 
  0.41912055   0.36778868 
  0.79230638   0.77701504 
  0.17861545   0.47964113 
  0.47798116   0.64793102 
  0.41712323   0.35906810 
  0.80023032   0.83394907 
  0.21957397   0.46464559 
  0.44131545   0.64233437 
  0.44489434   0.37011195 
  0.74596382   0.78626371 
  0.20851444   0.53721735 
  0.45017197   0.64098055 
  0.45277780   0.37180665 
  0.80276638   0.81733692 
  0.16232129   0.47636669 
  0.47240479   0.65407468 
  0.44660554   0.34741179 
  0.77007396   0.80891256 
  0.17413680   0.46971228 
  0.44187379   0.62523236 
