  0.09617097   0.40021642 
  0.11234702   0.94723162 
 -0.01083329   0.77794730 
  0.07143867   0.46209348 
  0.10450804   0.98216792 
 -0.00487271   0.77628943 
  0.08614737   0.46500479 
  0.11906179   0.95614459 
 -0.02280124   0.76119310 
  0.08480922   0.42272383 
  0.11248113   0.98403965 
  0.00953340   0.77820998 
  0.08630016   0.46699789 
  0.13562126   0.94139533 
  0.00874258   0.78668811 
  0.07289506   0.49258463 
  0.12377172   0.94487901 
  0.02087180   0.78891530 
