  0.73110577   0.27398081 
  0.45747791   0.69460009 
  0.89206465   0.95079914 
  0.54315717   0.10836290 
  0.72874002   0.23879507 
  0.51328934   0.68735459 
  0.92165143   0.96209286 
  0.50996020   0.12954058 
  0.73822558   0.25716147 
  0.50154442   0.69349586 
  0.87623001   0.95800075 
  0.51833545   0.15087125 
  0.72479700   0.24186358 
  0.50303476   0.70403842 
  0.88937060   0.99405482 
  0.57965497   0.15115316 
  0.75310333   0.23894297 
  0.49673031   0.67095734 
  0.88341266   0.94987320 
  0.58224144   0.15368894 
  0.75256685   0.24923983 
  0.50761351   0.71440055 
  0.93564025   0.96582916 
  0.56448161   0.15221217 
  0.76236221   0.27512772 
  0.53114435   0.69995974 
  0.88462050   0.96382558 
  0.56714937   0.16294268 
