  0.69967623   0.15731277 
  0.35113609   0.61613390 
  0.78467578   0.11855223 
  0.93158600   0.76748586 
  0.69700027   0.15952883 
  0.36655738   0.63453491 
  0.77431094   0.07776584 
  0.93297684   0.78413504 
  0.72032900   0.22345013 
  0.38242388   0.59829092 
  0.78748834   0.06978488 
  0.90850289   0.78965546 
  0.69645595   0.17963614 
  0.36092269   0.60789108 
  0.74342349   0.04856187 
  0.90591020   0.76740446 
  0.69027719   0.18809982 
  0.34366682   0.63961864 
  0.78876497   0.11022184 
  0.91918225   0.77557955 
  0.67626551   0.19786512 
  0.39025207   0.63562961 
  0.83566323   0.07791959 
  0.93797574   0.73637633 
  0.67585506   0.14574326 
  0.36632555   0.59929568 
  0.76677480   0.06307847 
  0.92629000   0.79465753 
