  0.14863521   0.49901877 
  0.99715302   0.31620592 
  0.56961511   0.20846597 
  0.11685368   0.47882292 
  0.94046420   0.29280228 
  0.56850399   0.22895885 
  0.11532100   0.49501175 
  0.95740418   0.34375549 
  0.57524363   0.20971041 
  0.12916098   0.48994562 
  0.96432663   0.32119579 
  0.58234690   0.23870270 
  0.10118776   0.50114529 
  0.95502107   0.33887654 
  0.57809631   0.18225924 
  0.11612677   0.52623088 
  0.97278004   0.33284306 
  0.57203889   0.22879110 
  0.11132736   0.48779446 
  0.96085173   0.36546110 
  0.53486768   0.23550906 
