  3.22587269   2.36494272 
  1.67543218   4.53707888 
  3.63924356   2.20967645 
  1.78932487   3.91184840 
  3.28435496   1.65706729 
  2.05533200   4.21981288 
  3.15872212   2.73047759 
  1.67589744   4.11420280 
  2.69907332   1.86736231 
  1.54723126   4.23840729 
  2.91786058   1.96638503 
  2.08010342   3.94051750 
  3.07683771   2.36619914 
  1.68346665   4.27311574 
  3.00101937   1.86724098 
  1.44960501   4.22707155 
  2.70324635   2.26228929 
  1.47588588   3.80177506 
  2.77388087   2.24594422 
  1.81039724   4.11930759 
  3.39945913   2.29282836 
  1.30303580   4.15706339 
  3.10163524   2.46140499 
  1.90824524   4.53756838 
  2.91587854   2.44468676 
  1.75434453   3.98006394 
  3.72111591   2.28915911 
  1.33543899   4.68517341 
  3.17788718   2.03073237 
  1.94440258   4.53507769 
  2.81141063   2.40699688 
  1.71658553   3.80512455 
  3.43533924   2.36181535 
  1.91916314   3.93921455 
  2.88355556   2.46075307 
  1.79034176   4.70860800 
  2.99769168   3.03021047 
  2.21085526   3.57061956 
  2.57606055   2.19438400 
  1.70255258   4.15682337 
