  3.11518367   4.43113291 
  1.56503058   2.51428615 
  0.37890974   0.88314741 
  3.17778846   4.44744700 
  2.63527180   2.12203753 
  0.19653998   1.12193437 
  2.49226764   4.43184365 
  2.01258416   2.11407972 
  0.63223912   1.47730657 
  2.39812516   4.41999330 
  1.90397272   2.25775832 
 -0.02051302   1.39556258 
  3.13853172   4.52905948 
  2.11758228   2.71926090 
 -0.17805226   0.68645176 
  2.59097025   4.03957595 
  1.41994102   2.12626243 
  0.07546765   1.27974257 
  2.82870176   4.48063643 
  2.37939307   1.91875341 
  0.41314248   0.72015075 
  3.05391647   3.80497776 
  1.90322445   1.96410852 
  0.19015409   1.01968264 
  3.27108634   4.21755943 
  1.87166641   2.42379019 
 -0.21947291   0.13638938 
  2.53248052   4.47108816 
  1.67750659   2.72225427 
  0.03720249   0.78216437 
  3.18228043   4.52271517 
  1.58109282   2.07674197 
  0.37096552   0.87822144 
  2.59657057   3.92083077 
  1.47150514   1.81102677 
  0.39324856   0.47525184 
  2.44069085   4.73858388 
  2.38634087   2.91880863 
  0.07827152   0.46380850 
  3.18991950   3.83790440 
  1.79918825   2.56874380 
  0.40870350   0.49116723 
  2.71394471   4.60020595 
  1.83815309   2.27024362 
  0.15944152   0.94607971 
  3.22671085   4.28283548 
  2.20255558   2.43011208 
  0.42820012   0.73322965 
  2.54273300   4.19782833 
  1.73768486   2.51548601 
  0.69995119   0.80036998 
  2.36141518   3.95732301 
  2.33252685   2.02108220 
 -0.18221708   0.82497667 
  2.81074420   4.24530722 
  1.03658697   1.91294627 
  0.21916162   0.26331872 
  3.26077429   3.85530662 
  1.54797848   2.01655886 
  0.56577261   1.05304742 
