  0.78113008   2.52359477 
  2.33869002   3.28532404 
  3.53563913   3.29244045 
  1.03617463   2.40948153 
  2.37348794   3.41119026 
  3.52101489   3.87102102 
  0.83382005   2.35208722 
  2.11321877   2.94555377 
  3.61689683   4.14400681 
  0.76080354   2.29836077 
  2.44479006   3.24341460 
  4.00920778   3.26311756 
  0.62424063   2.21970969 
  2.88085879   3.36104868 
  3.41369460   3.78243217 
  0.83966176   2.74217569 
  2.23341947   3.47695390 
  3.75752648   3.70405224 
  0.90025615   2.48720413 
  1.98810809   3.15998146 
  3.51998518   3.46645416 
  1.21562440   2.10930619 
  2.01472038   2.88071479 
  3.86645530   3.56931529 
  0.41663123   2.69278186 
  2.66049099   3.43324671 
  3.58842364   3.51557323 
  0.70868786   2.81770650 
  2.57315731   3.04915755 
  3.78867153   3.83857327 
  0.82232470   2.19921285 
  2.31399089   2.68589756 
  3.07490873   4.37813311 
  0.91276842   3.23749480 
  2.15493592   3.28354800 
  3.82378628   3.71986751 
  0.77785155   2.87841057 
  1.96689577   3.47382759 
  3.39363376   3.99648765 
  1.18873251   2.19985176 
  2.38782933   3.54141957 
  3.23121696   3.88206753 
  0.92332704   2.08053131 
  2.14540134   3.18343448 
  3.22175171   3.18716959 
  0.66151685   2.44714836 
  1.71088404   3.61048823 
  3.36669414   3.15425597 
  0.96763630   2.89510626 
  2.24383165   3.28015927 
  3.53876078   3.82550627 
  1.19901335   2.50351030 
  2.45451963   3.38397542 
  3.58638820   3.85746464 
  0.63950876   2.16559575 
  2.22401375   3.33786863 
  3.27841151   4.01706672 
  0.96722423   3.26831517 
  2.35125475   2.83950646 
  3.66196610   3.92328451 
